"BottleneckSize" "NumberOfMtDnaPerOocyte" "InitialNumberOfMutantAlleles" "FinalHeteroplasmy" "Generations"
"1" 25 5e+05 1 0 2
"2" 25 5e+05 1 0 2
"3" 25 5e+05 1 0 2
"4" 25 5e+05 1 0 2
"5" 25 5e+05 1 0 2
"6" 25 5e+05 1 0 2
"7" 25 5e+05 1 0 2
"8" 25 5e+05 1 0 2
"9" 25 5e+05 1 0 2
"10" 25 5e+05 1 0 2
"11" 25 5e+05 1 0 2
"12" 25 5e+05 1 0 2
"13" 25 5e+05 1 0 2
"14" 25 5e+05 1 0 2
"15" 25 5e+05 1 0 2
"16" 25 5e+05 1 0 2
"17" 25 5e+05 1 0 2
"18" 25 5e+05 1 0 2
"19" 25 5e+05 1 0 2
"20" 25 5e+05 1 0 2
"21" 25 5e+05 1 0 2
"22" 25 5e+05 1 0 2
"23" 25 5e+05 1 0 2
"24" 25 5e+05 1 0 2
"25" 25 5e+05 1 0 2
"26" 25 5e+05 1 0 2
"27" 25 5e+05 1 0 2
"28" 25 5e+05 1 0 2
"29" 25 5e+05 1 0 2
"30" 25 5e+05 1 0 2
"31" 25 5e+05 1 0 2
"32" 25 5e+05 1 0 2
"33" 25 5e+05 1 0 2
"34" 25 5e+05 1 0 2
"35" 25 5e+05 1 0 2
"36" 25 5e+05 1 0 2
"37" 25 5e+05 1 0 2
"38" 25 5e+05 1 0 2
"39" 25 5e+05 1 0 2
"40" 25 5e+05 1 0 2
"41" 25 5e+05 1 0 2
"42" 25 5e+05 1 0 2
"43" 25 5e+05 1 0 2
"44" 25 5e+05 1 0 2
"45" 25 5e+05 1 0 2
"46" 25 5e+05 1 0 2
"47" 25 5e+05 1 0 2
"48" 25 5e+05 1 0 2
"49" 25 5e+05 1 0 2
"50" 25 5e+05 1 0 2
"51" 25 5e+05 1 0 2
"52" 25 5e+05 1 0 2
"53" 25 5e+05 1 0 2
"54" 25 5e+05 1 0 2
"55" 25 5e+05 1 0 2
"56" 25 5e+05 1 0 2
"57" 25 5e+05 1 0 2
"58" 25 5e+05 1 0 2
"59" 25 5e+05 1 0 2
"60" 25 5e+05 1 0 2
"61" 25 5e+05 1 0 2
"62" 25 5e+05 1 0 2
"63" 25 5e+05 1 0 2
"64" 25 5e+05 1 0 2
"65" 25 5e+05 1 0 2
"66" 25 5e+05 1 0 2
"67" 25 5e+05 1 0 2
"68" 25 5e+05 1 0 2
"69" 25 5e+05 1 0 2
"70" 25 5e+05 1 0 2
"71" 25 5e+05 1 0 2
"72" 25 5e+05 1 0 2
"73" 25 5e+05 1 0 2
"74" 25 5e+05 1 0 2
"75" 25 5e+05 1 0 2
"76" 25 5e+05 1 0 2
"77" 25 5e+05 1 0 2
"78" 25 5e+05 1 0 2
"79" 25 5e+05 1 0 2
"80" 25 5e+05 1 0 2
"81" 25 5e+05 1 0 2
"82" 25 5e+05 1 0 2
"83" 25 5e+05 1 0 2
"84" 25 5e+05 1 0 2
"85" 25 5e+05 1 0 2
"86" 25 5e+05 1 0 2
"87" 25 5e+05 1 0 2
"88" 25 5e+05 1 0 2
"89" 25 5e+05 1 0 2
"90" 25 5e+05 1 0 2
"91" 25 5e+05 1 0 2
"92" 25 5e+05 1 0 2
"93" 25 5e+05 1 0 2
"94" 25 5e+05 1 0 2
"95" 25 5e+05 1 0 2
"96" 25 5e+05 1 0 2
"97" 25 5e+05 1 0 2
"98" 25 5e+05 1 0 2
"99" 25 5e+05 1 0 2
"100" 25 5e+05 1 0 2
"101" 25 5e+05 10000 0 2
"102" 25 5e+05 10000 0 2
"103" 25 5e+05 10000 0 5
"104" 25 5e+05 10000 0 2
"105" 25 5e+05 10000 0 2
"106" 25 5e+05 10000 0 2
"107" 25 5e+05 10000 0 2
"108" 25 5e+05 10000 0 9
"109" 25 5e+05 10000 0 4
"110" 25 5e+05 10000 0 34
"111" 25 5e+05 10000 0 2
"112" 25 5e+05 10000 0 9
"113" 25 5e+05 10000 0 15
"114" 25 5e+05 10000 0 2
"115" 25 5e+05 10000 0 3
"116" 25 5e+05 10000 0 2
"117" 25 5e+05 10000 0 3
"118" 25 5e+05 10000 0 2
"119" 25 5e+05 10000 0 2
"120" 25 5e+05 10000 0 2
"121" 25 5e+05 10000 0 2
"122" 25 5e+05 10000 0 2
"123" 25 5e+05 10000 0 2
"124" 25 5e+05 10000 0 3
"125" 25 5e+05 10000 0 24
"126" 25 5e+05 10000 0 2
"127" 25 5e+05 10000 0 2
"128" 25 5e+05 10000 0 2
"129" 25 5e+05 10000 0 46
"130" 25 5e+05 10000 0 4
"131" 25 5e+05 10000 0 3
"132" 25 5e+05 10000 0 9
"133" 25 5e+05 10000 0 2
"134" 25 5e+05 10000 1 57
"135" 25 5e+05 10000 0 7
"136" 25 5e+05 10000 0 31
"137" 25 5e+05 10000 0 2
"138" 25 5e+05 10000 0 2
"139" 25 5e+05 10000 0 2
"140" 25 5e+05 10000 0 2
"141" 25 5e+05 10000 0 8
"142" 25 5e+05 10000 0 2
"143" 25 5e+05 10000 0 2
"144" 25 5e+05 10000 0 5
"145" 25 5e+05 10000 0 3
"146" 25 5e+05 10000 0 2
"147" 25 5e+05 10000 0 2
"148" 25 5e+05 10000 0 2
"149" 25 5e+05 10000 0 2
"150" 25 5e+05 10000 0 8
"151" 25 5e+05 10000 0 6
"152" 25 5e+05 10000 0 12
"153" 25 5e+05 10000 0 3
"154" 25 5e+05 10000 0 2
"155" 25 5e+05 10000 0 2
"156" 25 5e+05 10000 0 2
"157" 25 5e+05 10000 0 7
"158" 25 5e+05 10000 0 3
"159" 25 5e+05 10000 0 2
"160" 25 5e+05 10000 0 2
"161" 25 5e+05 10000 0 2
"162" 25 5e+05 10000 0 2
"163" 25 5e+05 10000 0 2
"164" 25 5e+05 10000 0 3
"165" 25 5e+05 10000 0 4
"166" 25 5e+05 10000 0 3
"167" 25 5e+05 10000 0 2
"168" 25 5e+05 10000 0 13
"169" 25 5e+05 10000 0 20
"170" 25 5e+05 10000 0 2
"171" 25 5e+05 10000 0 2
"172" 25 5e+05 10000 0 4
"173" 25 5e+05 10000 0 18
"174" 25 5e+05 10000 0 8
"175" 25 5e+05 10000 0 3
"176" 25 5e+05 10000 0 4
"177" 25 5e+05 10000 0 2
"178" 25 5e+05 10000 0 10
"179" 25 5e+05 10000 0 2
"180" 25 5e+05 10000 0 5
"181" 25 5e+05 10000 0 8
"182" 25 5e+05 10000 1 35
"183" 25 5e+05 10000 0 5
"184" 25 5e+05 10000 0 3
"185" 25 5e+05 10000 0 2
"186" 25 5e+05 10000 0 2
"187" 25 5e+05 10000 0 2
"188" 25 5e+05 10000 0 2
"189" 25 5e+05 10000 0 2
"190" 25 5e+05 10000 0 7
"191" 25 5e+05 10000 0 2
"192" 25 5e+05 10000 0 3
"193" 25 5e+05 10000 0 2
"194" 25 5e+05 10000 0 2
"195" 25 5e+05 10000 0 2
"196" 25 5e+05 10000 0 3
"197" 25 5e+05 10000 0 2
"198" 25 5e+05 10000 0 2
"199" 25 5e+05 10000 0 2
"200" 25 5e+05 10000 0 2
"201" 25 5e+05 20000 0 3
"202" 25 5e+05 20000 0 12
"203" 25 5e+05 20000 0 7
"204" 25 5e+05 20000 0 4
"205" 25 5e+05 20000 0 5
"206" 25 5e+05 20000 0 2
"207" 25 5e+05 20000 0 6
"208" 25 5e+05 20000 0 2
"209" 25 5e+05 20000 0 3
"210" 25 5e+05 20000 0 3
"211" 25 5e+05 20000 0 6
"212" 25 5e+05 20000 0 5
"213" 25 5e+05 20000 0 3
"214" 25 5e+05 20000 0 32
"215" 25 5e+05 20000 0 3
"216" 25 5e+05 20000 0 5
"217" 25 5e+05 20000 0 2
"218" 25 5e+05 20000 0 3
"219" 25 5e+05 20000 0 4
"220" 25 5e+05 20000 0 2
"221" 25 5e+05 20000 0 4
"222" 25 5e+05 20000 0 4
"223" 25 5e+05 20000 0 2
"224" 25 5e+05 20000 0 2
"225" 25 5e+05 20000 0 3
"226" 25 5e+05 20000 0 8
"227" 25 5e+05 20000 0 2
"228" 25 5e+05 20000 0 2
"229" 25 5e+05 20000 0 4
"230" 25 5e+05 20000 0 9
"231" 25 5e+05 20000 0 31
"232" 25 5e+05 20000 0 3
"233" 25 5e+05 20000 0 11
"234" 25 5e+05 20000 0 7
"235" 25 5e+05 20000 0 49
"236" 25 5e+05 20000 0 2
"237" 25 5e+05 20000 0 2
"238" 25 5e+05 20000 0 9
"239" 25 5e+05 20000 0 3
"240" 25 5e+05 20000 0 11
"241" 25 5e+05 20000 0 22
"242" 25 5e+05 20000 0 2
"243" 25 5e+05 20000 0 57
"244" 25 5e+05 20000 0 3
"245" 25 5e+05 20000 0 23
"246" 25 5e+05 20000 0 7
"247" 25 5e+05 20000 0 18
"248" 25 5e+05 20000 0 3
"249" 25 5e+05 20000 0 3
"250" 25 5e+05 20000 1 44
"251" 25 5e+05 20000 0 44
"252" 25 5e+05 20000 0 5
"253" 25 5e+05 20000 1 28
"254" 25 5e+05 20000 0 3
"255" 25 5e+05 20000 0 4
"256" 25 5e+05 20000 0 3
"257" 25 5e+05 20000 0 3
"258" 25 5e+05 20000 0 6
"259" 25 5e+05 20000 0 2
"260" 25 5e+05 20000 0 3
"261" 25 5e+05 20000 0 4
"262" 25 5e+05 20000 0 3
"263" 25 5e+05 20000 1 63
"264" 25 5e+05 20000 0 15
"265" 25 5e+05 20000 0 2
"266" 25 5e+05 20000 0 47
"267" 25 5e+05 20000 0 5
"268" 25 5e+05 20000 0 2
"269" 25 5e+05 20000 0 2
"270" 25 5e+05 20000 0 12
"271" 25 5e+05 20000 0 2
"272" 25 5e+05 20000 0 3
"273" 25 5e+05 20000 0 3
"274" 25 5e+05 20000 0 30
"275" 25 5e+05 20000 0 4
"276" 25 5e+05 20000 0 2
"277" 25 5e+05 20000 0 2
"278" 25 5e+05 20000 1 111
"279" 25 5e+05 20000 0 3
"280" 25 5e+05 20000 0 2
"281" 25 5e+05 20000 0 2
"282" 25 5e+05 20000 0 5
"283" 25 5e+05 20000 0 10
"284" 25 5e+05 20000 0 3
"285" 25 5e+05 20000 0 3
"286" 25 5e+05 20000 0 2
"287" 25 5e+05 20000 0 2
"288" 25 5e+05 20000 0 2
"289" 25 5e+05 20000 0 2
"290" 25 5e+05 20000 0 5
"291" 25 5e+05 20000 0 3
"292" 25 5e+05 20000 0 2
"293" 25 5e+05 20000 0 5
"294" 25 5e+05 20000 0 3
"295" 25 5e+05 20000 0 53
"296" 25 5e+05 20000 0 2
"297" 25 5e+05 20000 1 38
"298" 25 5e+05 20000 0 3
"299" 25 5e+05 20000 0 3
"300" 25 5e+05 20000 0 6
"301" 25 5e+05 30000 0 9
"302" 25 5e+05 30000 0 2
"303" 25 5e+05 30000 1 47
"304" 25 5e+05 30000 0 5
"305" 25 5e+05 30000 0 6
"306" 25 5e+05 30000 0 27
"307" 25 5e+05 30000 0 3
"308" 25 5e+05 30000 0 4
"309" 25 5e+05 30000 0 6
"310" 25 5e+05 30000 0 4
"311" 25 5e+05 30000 0 6
"312" 25 5e+05 30000 0 5
"313" 25 5e+05 30000 0 2
"314" 25 5e+05 30000 1 49
"315" 25 5e+05 30000 0 2
"316" 25 5e+05 30000 0 10
"317" 25 5e+05 30000 0 2
"318" 25 5e+05 30000 0 2
"319" 25 5e+05 30000 0 5
"320" 25 5e+05 30000 0 15
"321" 25 5e+05 30000 0 2
"322" 25 5e+05 30000 0 4
"323" 25 5e+05 30000 0 5
"324" 25 5e+05 30000 0 2
"325" 25 5e+05 30000 0 5
"326" 25 5e+05 30000 0 2
"327" 25 5e+05 30000 0 3
"328" 25 5e+05 30000 0 5
"329" 25 5e+05 30000 1 37
"330" 25 5e+05 30000 0 2
"331" 25 5e+05 30000 0 32
"332" 25 5e+05 30000 0 8
"333" 25 5e+05 30000 0 6
"334" 25 5e+05 30000 0 14
"335" 25 5e+05 30000 0 10
"336" 25 5e+05 30000 0 52
"337" 25 5e+05 30000 0 12
"338" 25 5e+05 30000 0 10
"339" 25 5e+05 30000 0 12
"340" 25 5e+05 30000 0 2
"341" 25 5e+05 30000 0 15
"342" 25 5e+05 30000 0 3
"343" 25 5e+05 30000 0 3
"344" 25 5e+05 30000 0 2
"345" 25 5e+05 30000 0 3
"346" 25 5e+05 30000 0 26
"347" 25 5e+05 30000 0 2
"348" 25 5e+05 30000 0 3
"349" 25 5e+05 30000 0 2
"350" 25 5e+05 30000 0 4
"351" 25 5e+05 30000 0 6
"352" 25 5e+05 30000 0 6
"353" 25 5e+05 30000 0 4
"354" 25 5e+05 30000 0 8
"355" 25 5e+05 30000 0 14
"356" 25 5e+05 30000 0 9
"357" 25 5e+05 30000 0 3
"358" 25 5e+05 30000 0 6
"359" 25 5e+05 30000 0 56
"360" 25 5e+05 30000 0 3
"361" 25 5e+05 30000 0 2
"362" 25 5e+05 30000 0 9
"363" 25 5e+05 30000 0 10
"364" 25 5e+05 30000 0 27
"365" 25 5e+05 30000 0 8
"366" 25 5e+05 30000 0 25
"367" 25 5e+05 30000 0 3
"368" 25 5e+05 30000 0 2
"369" 25 5e+05 30000 0 6
"370" 25 5e+05 30000 0 5
"371" 25 5e+05 30000 1 32
"372" 25 5e+05 30000 0 18
"373" 25 5e+05 30000 0 2
"374" 25 5e+05 30000 0 2
"375" 25 5e+05 30000 0 2
"376" 25 5e+05 30000 0 5
"377" 25 5e+05 30000 0 7
"378" 25 5e+05 30000 0 7
"379" 25 5e+05 30000 0 3
"380" 25 5e+05 30000 0 5
"381" 25 5e+05 30000 0 12
"382" 25 5e+05 30000 0 6
"383" 25 5e+05 30000 0 13
"384" 25 5e+05 30000 0 2
"385" 25 5e+05 30000 1 63
"386" 25 5e+05 30000 0 4
"387" 25 5e+05 30000 0 3
"388" 25 5e+05 30000 0 4
"389" 25 5e+05 30000 0 3
"390" 25 5e+05 30000 0 3
"391" 25 5e+05 30000 0 36
"392" 25 5e+05 30000 0 2
"393" 25 5e+05 30000 0 8
"394" 25 5e+05 30000 0 3
"395" 25 5e+05 30000 0 18
"396" 25 5e+05 30000 1 38
"397" 25 5e+05 30000 1 41
"398" 25 5e+05 30000 0 21
"399" 25 5e+05 30000 0 9
"400" 25 5e+05 30000 0 39
"401" 25 5e+05 40000 0 8
"402" 25 5e+05 40000 0 12
"403" 25 5e+05 40000 0 25
"404" 25 5e+05 40000 0 2
"405" 25 5e+05 40000 0 4
"406" 25 5e+05 40000 0 3
"407" 25 5e+05 40000 0 17
"408" 25 5e+05 40000 1 77
"409" 25 5e+05 40000 0 3
"410" 25 5e+05 40000 0 4
"411" 25 5e+05 40000 0 19
"412" 25 5e+05 40000 0 6
"413" 25 5e+05 40000 0 52
"414" 25 5e+05 40000 1 61
"415" 25 5e+05 40000 0 6
"416" 25 5e+05 40000 0 3
"417" 25 5e+05 40000 1 27
"418" 25 5e+05 40000 0 6
"419" 25 5e+05 40000 0 9
"420" 25 5e+05 40000 0 2
"421" 25 5e+05 40000 0 8
"422" 25 5e+05 40000 0 3
"423" 25 5e+05 40000 0 11
"424" 25 5e+05 40000 0 4
"425" 25 5e+05 40000 0 15
"426" 25 5e+05 40000 0 2
"427" 25 5e+05 40000 0 6
"428" 25 5e+05 40000 1 38
"429" 25 5e+05 40000 0 92
"430" 25 5e+05 40000 0 10
"431" 25 5e+05 40000 1 34
"432" 25 5e+05 40000 0 5
"433" 25 5e+05 40000 0 2
"434" 25 5e+05 40000 0 5
"435" 25 5e+05 40000 0 125
"436" 25 5e+05 40000 0 3
"437" 25 5e+05 40000 0 8
"438" 25 5e+05 40000 0 3
"439" 25 5e+05 40000 0 9
"440" 25 5e+05 40000 0 6
"441" 25 5e+05 40000 0 6
"442" 25 5e+05 40000 0 2
"443" 25 5e+05 40000 0 3
"444" 25 5e+05 40000 0 2
"445" 25 5e+05 40000 0 16
"446" 25 5e+05 40000 1 16
"447" 25 5e+05 40000 1 26
"448" 25 5e+05 40000 0 5
"449" 25 5e+05 40000 1 31
"450" 25 5e+05 40000 0 2
"451" 25 5e+05 40000 0 2
"452" 25 5e+05 40000 0 24
"453" 25 5e+05 40000 0 27
"454" 25 5e+05 40000 0 12
"455" 25 5e+05 40000 0 24
"456" 25 5e+05 40000 0 8
"457" 25 5e+05 40000 0 11
"458" 25 5e+05 40000 0 14
"459" 25 5e+05 40000 0 6
"460" 25 5e+05 40000 0 4
"461" 25 5e+05 40000 0 7
"462" 25 5e+05 40000 0 9
"463" 25 5e+05 40000 0 16
"464" 25 5e+05 40000 0 10
"465" 25 5e+05 40000 0 4
"466" 25 5e+05 40000 1 53
"467" 25 5e+05 40000 0 5
"468" 25 5e+05 40000 0 30
"469" 25 5e+05 40000 0 12
"470" 25 5e+05 40000 0 2
"471" 25 5e+05 40000 0 19
"472" 25 5e+05 40000 0 8
"473" 25 5e+05 40000 0 3
"474" 25 5e+05 40000 0 3
"475" 25 5e+05 40000 0 3
"476" 25 5e+05 40000 0 5
"477" 25 5e+05 40000 0 9
"478" 25 5e+05 40000 0 7
"479" 25 5e+05 40000 1 61
"480" 25 5e+05 40000 0 6
"481" 25 5e+05 40000 0 21
"482" 25 5e+05 40000 0 5
"483" 25 5e+05 40000 0 3
"484" 25 5e+05 40000 0 13
"485" 25 5e+05 40000 1 47
"486" 25 5e+05 40000 0 2
"487" 25 5e+05 40000 0 16
"488" 25 5e+05 40000 0 2
"489" 25 5e+05 40000 0 35
"490" 25 5e+05 40000 0 11
"491" 25 5e+05 40000 0 3
"492" 25 5e+05 40000 0 7
"493" 25 5e+05 40000 0 19
"494" 25 5e+05 40000 0 38
"495" 25 5e+05 40000 0 3
"496" 25 5e+05 40000 0 5
"497" 25 5e+05 40000 0 47
"498" 25 5e+05 40000 0 3
"499" 25 5e+05 40000 0 3
"500" 25 5e+05 40000 0 15
"501" 25 5e+05 50000 0 3
"502" 25 5e+05 50000 0 7
"503" 25 5e+05 50000 0 5
"504" 25 5e+05 50000 0 25
"505" 25 5e+05 50000 1 52
"506" 25 5e+05 50000 0 16
"507" 25 5e+05 50000 0 3
"508" 25 5e+05 50000 1 57
"509" 25 5e+05 50000 0 10
"510" 25 5e+05 50000 0 50
"511" 25 5e+05 50000 0 11
"512" 25 5e+05 50000 1 69
"513" 25 5e+05 50000 0 4
"514" 25 5e+05 50000 0 9
"515" 25 5e+05 50000 0 14
"516" 25 5e+05 50000 0 3
"517" 25 5e+05 50000 0 7
"518" 25 5e+05 50000 0 3
"519" 25 5e+05 50000 0 18
"520" 25 5e+05 50000 0 14
"521" 25 5e+05 50000 1 27
"522" 25 5e+05 50000 1 46
"523" 25 5e+05 50000 0 23
"524" 25 5e+05 50000 0 12
"525" 25 5e+05 50000 1 55
"526" 25 5e+05 50000 0 22
"527" 25 5e+05 50000 0 3
"528" 25 5e+05 50000 0 5
"529" 25 5e+05 50000 0 4
"530" 25 5e+05 50000 0 8
"531" 25 5e+05 50000 0 3
"532" 25 5e+05 50000 0 28
"533" 25 5e+05 50000 0 3
"534" 25 5e+05 50000 0 45
"535" 25 5e+05 50000 0 12
"536" 25 5e+05 50000 0 3
"537" 25 5e+05 50000 0 3
"538" 25 5e+05 50000 0 10
"539" 25 5e+05 50000 0 33
"540" 25 5e+05 50000 0 13
"541" 25 5e+05 50000 0 7
"542" 25 5e+05 50000 0 12
"543" 25 5e+05 50000 0 4
"544" 25 5e+05 50000 0 60
"545" 25 5e+05 50000 0 3
"546" 25 5e+05 50000 0 8
"547" 25 5e+05 50000 1 14
"548" 25 5e+05 50000 0 52
"549" 25 5e+05 50000 0 9
"550" 25 5e+05 50000 0 19
"551" 25 5e+05 50000 0 5
"552" 25 5e+05 50000 0 4
"553" 25 5e+05 50000 0 3
"554" 25 5e+05 50000 0 4
"555" 25 5e+05 50000 0 2
"556" 25 5e+05 50000 0 12
"557" 25 5e+05 50000 0 3
"558" 25 5e+05 50000 0 2
"559" 25 5e+05 50000 0 35
"560" 25 5e+05 50000 0 11
"561" 25 5e+05 50000 0 6
"562" 25 5e+05 50000 1 33
"563" 25 5e+05 50000 0 17
"564" 25 5e+05 50000 0 72
"565" 25 5e+05 50000 0 13
"566" 25 5e+05 50000 0 68
"567" 25 5e+05 50000 1 29
"568" 25 5e+05 50000 0 46
"569" 25 5e+05 50000 0 6
"570" 25 5e+05 50000 1 47
"571" 25 5e+05 50000 0 25
"572" 25 5e+05 50000 0 127
"573" 25 5e+05 50000 0 7
"574" 25 5e+05 50000 0 4
"575" 25 5e+05 50000 0 3
"576" 25 5e+05 50000 1 51
"577" 25 5e+05 50000 0 2
"578" 25 5e+05 50000 0 6
"579" 25 5e+05 50000 0 9
"580" 25 5e+05 50000 0 6
"581" 25 5e+05 50000 0 15
"582" 25 5e+05 50000 0 51
"583" 25 5e+05 50000 0 3
"584" 25 5e+05 50000 1 53
"585" 25 5e+05 50000 0 23
"586" 25 5e+05 50000 0 23
"587" 25 5e+05 50000 0 7
"588" 25 5e+05 50000 0 10
"589" 25 5e+05 50000 0 6
"590" 25 5e+05 50000 0 5
"591" 25 5e+05 50000 1 38
"592" 25 5e+05 50000 0 4
"593" 25 5e+05 50000 0 6
"594" 25 5e+05 50000 0 7
"595" 25 5e+05 50000 0 46
"596" 25 5e+05 50000 0 49
"597" 25 5e+05 50000 0 4
"598" 25 5e+05 50000 0 13
"599" 25 5e+05 50000 0 6
"600" 25 5e+05 50000 0 5
"601" 25 5e+05 60000 0 3
"602" 25 5e+05 60000 0 7
"603" 25 5e+05 60000 0 3
"604" 25 5e+05 60000 0 13
"605" 25 5e+05 60000 0 5
"606" 25 5e+05 60000 0 11
"607" 25 5e+05 60000 0 22
"608" 25 5e+05 60000 0 42
"609" 25 5e+05 60000 0 80
"610" 25 5e+05 60000 0 34
"611" 25 5e+05 60000 0 12
"612" 25 5e+05 60000 0 6
"613" 25 5e+05 60000 0 9
"614" 25 5e+05 60000 1 55
"615" 25 5e+05 60000 0 4
"616" 25 5e+05 60000 0 18
"617" 25 5e+05 60000 1 19
"618" 25 5e+05 60000 0 6
"619" 25 5e+05 60000 0 5
"620" 25 5e+05 60000 1 26
"621" 25 5e+05 60000 0 10
"622" 25 5e+05 60000 1 36
"623" 25 5e+05 60000 1 51
"624" 25 5e+05 60000 0 6
"625" 25 5e+05 60000 0 11
"626" 25 5e+05 60000 0 16
"627" 25 5e+05 60000 0 26
"628" 25 5e+05 60000 0 3
"629" 25 5e+05 60000 0 21
"630" 25 5e+05 60000 1 49
"631" 25 5e+05 60000 0 6
"632" 25 5e+05 60000 1 13
"633" 25 5e+05 60000 0 8
"634" 25 5e+05 60000 0 35
"635" 25 5e+05 60000 0 22
"636" 25 5e+05 60000 0 35
"637" 25 5e+05 60000 0 9
"638" 25 5e+05 60000 0 9
"639" 25 5e+05 60000 0 12
"640" 25 5e+05 60000 0 8
"641" 25 5e+05 60000 0 21
"642" 25 5e+05 60000 0 2
"643" 25 5e+05 60000 0 4
"644" 25 5e+05 60000 0 61
"645" 25 5e+05 60000 1 39
"646" 25 5e+05 60000 0 33
"647" 25 5e+05 60000 0 10
"648" 25 5e+05 60000 0 9
"649" 25 5e+05 60000 0 9
"650" 25 5e+05 60000 0 2
"651" 25 5e+05 60000 0 6
"652" 25 5e+05 60000 0 10
"653" 25 5e+05 60000 0 12
"654" 25 5e+05 60000 1 27
"655" 25 5e+05 60000 0 5
"656" 25 5e+05 60000 0 4
"657" 25 5e+05 60000 1 104
"658" 25 5e+05 60000 0 3
"659" 25 5e+05 60000 0 29
"660" 25 5e+05 60000 0 14
"661" 25 5e+05 60000 0 3
"662" 25 5e+05 60000 0 5
"663" 25 5e+05 60000 0 8
"664" 25 5e+05 60000 0 5
"665" 25 5e+05 60000 0 12
"666" 25 5e+05 60000 1 35
"667" 25 5e+05 60000 1 46
"668" 25 5e+05 60000 0 6
"669" 25 5e+05 60000 1 17
"670" 25 5e+05 60000 0 5
"671" 25 5e+05 60000 0 5
"672" 25 5e+05 60000 0 9
"673" 25 5e+05 60000 1 54
"674" 25 5e+05 60000 0 14
"675" 25 5e+05 60000 0 20
"676" 25 5e+05 60000 0 36
"677" 25 5e+05 60000 1 26
"678" 25 5e+05 60000 1 153
"679" 25 5e+05 60000 0 4
"680" 25 5e+05 60000 1 68
"681" 25 5e+05 60000 0 16
"682" 25 5e+05 60000 0 4
"683" 25 5e+05 60000 0 3
"684" 25 5e+05 60000 1 28
"685" 25 5e+05 60000 0 34
"686" 25 5e+05 60000 0 8
"687" 25 5e+05 60000 0 2
"688" 25 5e+05 60000 0 11
"689" 25 5e+05 60000 1 56
"690" 25 5e+05 60000 0 24
"691" 25 5e+05 60000 1 60
"692" 25 5e+05 60000 0 20
"693" 25 5e+05 60000 0 8
"694" 25 5e+05 60000 1 44
"695" 25 5e+05 60000 0 2
"696" 25 5e+05 60000 0 28
"697" 25 5e+05 60000 0 8
"698" 25 5e+05 60000 0 7
"699" 25 5e+05 60000 0 15
"700" 25 5e+05 60000 0 37
"701" 25 5e+05 70000 0 14
"702" 25 5e+05 70000 0 6
"703" 25 5e+05 70000 0 7
"704" 25 5e+05 70000 0 11
"705" 25 5e+05 70000 0 12
"706" 25 5e+05 70000 0 11
"707" 25 5e+05 70000 0 14
"708" 25 5e+05 70000 0 3
"709" 25 5e+05 70000 0 4
"710" 25 5e+05 70000 0 61
"711" 25 5e+05 70000 0 51
"712" 25 5e+05 70000 0 6
"713" 25 5e+05 70000 0 5
"714" 25 5e+05 70000 0 28
"715" 25 5e+05 70000 0 55
"716" 25 5e+05 70000 0 7
"717" 25 5e+05 70000 0 6
"718" 25 5e+05 70000 0 4
"719" 25 5e+05 70000 0 5
"720" 25 5e+05 70000 0 7
"721" 25 5e+05 70000 0 19
"722" 25 5e+05 70000 0 10
"723" 25 5e+05 70000 0 44
"724" 25 5e+05 70000 1 42
"725" 25 5e+05 70000 0 6
"726" 25 5e+05 70000 0 3
"727" 25 5e+05 70000 0 15
"728" 25 5e+05 70000 1 42
"729" 25 5e+05 70000 0 23
"730" 25 5e+05 70000 1 71
"731" 25 5e+05 70000 0 22
"732" 25 5e+05 70000 1 19
"733" 25 5e+05 70000 1 24
"734" 25 5e+05 70000 0 24
"735" 25 5e+05 70000 0 6
"736" 25 5e+05 70000 1 80
"737" 25 5e+05 70000 0 17
"738" 25 5e+05 70000 1 43
"739" 25 5e+05 70000 0 5
"740" 25 5e+05 70000 0 13
"741" 25 5e+05 70000 0 9
"742" 25 5e+05 70000 0 4
"743" 25 5e+05 70000 0 27
"744" 25 5e+05 70000 1 69
"745" 25 5e+05 70000 0 18
"746" 25 5e+05 70000 0 39
"747" 25 5e+05 70000 0 49
"748" 25 5e+05 70000 0 7
"749" 25 5e+05 70000 0 82
"750" 25 5e+05 70000 0 16
"751" 25 5e+05 70000 0 18
"752" 25 5e+05 70000 0 13
"753" 25 5e+05 70000 0 8
"754" 25 5e+05 70000 0 14
"755" 25 5e+05 70000 0 8
"756" 25 5e+05 70000 1 17
"757" 25 5e+05 70000 0 77
"758" 25 5e+05 70000 0 40
"759" 25 5e+05 70000 0 15
"760" 25 5e+05 70000 0 4
"761" 25 5e+05 70000 0 5
"762" 25 5e+05 70000 1 23
"763" 25 5e+05 70000 0 11
"764" 25 5e+05 70000 0 7
"765" 25 5e+05 70000 0 3
"766" 25 5e+05 70000 0 5
"767" 25 5e+05 70000 0 24
"768" 25 5e+05 70000 0 17
"769" 25 5e+05 70000 0 17
"770" 25 5e+05 70000 0 8
"771" 25 5e+05 70000 0 5
"772" 25 5e+05 70000 0 35
"773" 25 5e+05 70000 1 35
"774" 25 5e+05 70000 0 10
"775" 25 5e+05 70000 0 13
"776" 25 5e+05 70000 1 30
"777" 25 5e+05 70000 0 26
"778" 25 5e+05 70000 1 47
"779" 25 5e+05 70000 0 5
"780" 25 5e+05 70000 0 5
"781" 25 5e+05 70000 0 12
"782" 25 5e+05 70000 0 97
"783" 25 5e+05 70000 0 13
"784" 25 5e+05 70000 0 6
"785" 25 5e+05 70000 0 61
"786" 25 5e+05 70000 0 6
"787" 25 5e+05 70000 1 35
"788" 25 5e+05 70000 0 7
"789" 25 5e+05 70000 0 5
"790" 25 5e+05 70000 0 4
"791" 25 5e+05 70000 0 33
"792" 25 5e+05 70000 0 13
"793" 25 5e+05 70000 1 44
"794" 25 5e+05 70000 0 11
"795" 25 5e+05 70000 0 5
"796" 25 5e+05 70000 0 16
"797" 25 5e+05 70000 0 2
"798" 25 5e+05 70000 0 15
"799" 25 5e+05 70000 1 24
"800" 25 5e+05 70000 0 3
"801" 25 5e+05 80000 0 4
"802" 25 5e+05 80000 0 37
"803" 25 5e+05 80000 0 27
"804" 25 5e+05 80000 0 42
"805" 25 5e+05 80000 0 4
"806" 25 5e+05 80000 0 16
"807" 25 5e+05 80000 0 93
"808" 25 5e+05 80000 0 3
"809" 25 5e+05 80000 0 26
"810" 25 5e+05 80000 0 8
"811" 25 5e+05 80000 0 37
"812" 25 5e+05 80000 0 11
"813" 25 5e+05 80000 0 6
"814" 25 5e+05 80000 0 11
"815" 25 5e+05 80000 1 23
"816" 25 5e+05 80000 0 33
"817" 25 5e+05 80000 0 7
"818" 25 5e+05 80000 1 29
"819" 25 5e+05 80000 0 7
"820" 25 5e+05 80000 0 4
"821" 25 5e+05 80000 0 6
"822" 25 5e+05 80000 0 13
"823" 25 5e+05 80000 0 6
"824" 25 5e+05 80000 0 42
"825" 25 5e+05 80000 0 9
"826" 25 5e+05 80000 0 8
"827" 25 5e+05 80000 0 22
"828" 25 5e+05 80000 0 12
"829" 25 5e+05 80000 0 27
"830" 25 5e+05 80000 1 16
"831" 25 5e+05 80000 0 12
"832" 25 5e+05 80000 0 65
"833" 25 5e+05 80000 0 24
"834" 25 5e+05 80000 1 95
"835" 25 5e+05 80000 1 85
"836" 25 5e+05 80000 0 6
"837" 25 5e+05 80000 0 115
"838" 25 5e+05 80000 0 18
"839" 25 5e+05 80000 0 7
"840" 25 5e+05 80000 0 9
"841" 25 5e+05 80000 0 7
"842" 25 5e+05 80000 1 36
"843" 25 5e+05 80000 0 5
"844" 25 5e+05 80000 1 62
"845" 25 5e+05 80000 0 49
"846" 25 5e+05 80000 1 18
"847" 25 5e+05 80000 0 5
"848" 25 5e+05 80000 0 18
"849" 25 5e+05 80000 0 7
"850" 25 5e+05 80000 1 32
"851" 25 5e+05 80000 0 8
"852" 25 5e+05 80000 0 19
"853" 25 5e+05 80000 0 5
"854" 25 5e+05 80000 0 11
"855" 25 5e+05 80000 1 31
"856" 25 5e+05 80000 0 16
"857" 25 5e+05 80000 0 5
"858" 25 5e+05 80000 0 11
"859" 25 5e+05 80000 0 20
"860" 25 5e+05 80000 0 5
"861" 25 5e+05 80000 0 56
"862" 25 5e+05 80000 0 5
"863" 25 5e+05 80000 1 51
"864" 25 5e+05 80000 0 2
"865" 25 5e+05 80000 0 38
"866" 25 5e+05 80000 0 6
"867" 25 5e+05 80000 1 65
"868" 25 5e+05 80000 0 19
"869" 25 5e+05 80000 0 9
"870" 25 5e+05 80000 0 5
"871" 25 5e+05 80000 1 73
"872" 25 5e+05 80000 0 13
"873" 25 5e+05 80000 0 3
"874" 25 5e+05 80000 0 32
"875" 25 5e+05 80000 0 3
"876" 25 5e+05 80000 1 36
"877" 25 5e+05 80000 0 5
"878" 25 5e+05 80000 1 21
"879" 25 5e+05 80000 0 6
"880" 25 5e+05 80000 0 6
"881" 25 5e+05 80000 0 68
"882" 25 5e+05 80000 0 24
"883" 25 5e+05 80000 0 5
"884" 25 5e+05 80000 0 50
"885" 25 5e+05 80000 0 22
"886" 25 5e+05 80000 0 41
"887" 25 5e+05 80000 0 20
"888" 25 5e+05 80000 1 27
"889" 25 5e+05 80000 0 18
"890" 25 5e+05 80000 0 26
"891" 25 5e+05 80000 0 47
"892" 25 5e+05 80000 0 6
"893" 25 5e+05 80000 0 26
"894" 25 5e+05 80000 0 5
"895" 25 5e+05 80000 0 4
"896" 25 5e+05 80000 1 40
"897" 25 5e+05 80000 1 39
"898" 25 5e+05 80000 1 25
"899" 25 5e+05 80000 0 51
"900" 25 5e+05 80000 0 7
"901" 25 5e+05 90000 0 8
"902" 25 5e+05 90000 0 4
"903" 25 5e+05 90000 1 127
"904" 25 5e+05 90000 0 5
"905" 25 5e+05 90000 0 4
"906" 25 5e+05 90000 1 45
"907" 25 5e+05 90000 0 11
"908" 25 5e+05 90000 0 3
"909" 25 5e+05 90000 0 5
"910" 25 5e+05 90000 0 5
"911" 25 5e+05 90000 1 22
"912" 25 5e+05 90000 0 10
"913" 25 5e+05 90000 0 4
"914" 25 5e+05 90000 0 52
"915" 25 5e+05 90000 0 11
"916" 25 5e+05 90000 1 25
"917" 25 5e+05 90000 1 65
"918" 25 5e+05 90000 0 15
"919" 25 5e+05 90000 0 23
"920" 25 5e+05 90000 0 3
"921" 25 5e+05 90000 0 15
"922" 25 5e+05 90000 0 8
"923" 25 5e+05 90000 0 3
"924" 25 5e+05 90000 0 23
"925" 25 5e+05 90000 0 76
"926" 25 5e+05 90000 0 14
"927" 25 5e+05 90000 0 95
"928" 25 5e+05 90000 0 11
"929" 25 5e+05 90000 0 9
"930" 25 5e+05 90000 0 9
"931" 25 5e+05 90000 0 5
"932" 25 5e+05 90000 0 21
"933" 25 5e+05 90000 0 6
"934" 25 5e+05 90000 0 4
"935" 25 5e+05 90000 0 4
"936" 25 5e+05 90000 0 15
"937" 25 5e+05 90000 0 13
"938" 25 5e+05 90000 0 21
"939" 25 5e+05 90000 0 17
"940" 25 5e+05 90000 0 23
"941" 25 5e+05 90000 0 16
"942" 25 5e+05 90000 0 6
"943" 25 5e+05 90000 0 10
"944" 25 5e+05 90000 0 9
"945" 25 5e+05 90000 0 4
"946" 25 5e+05 90000 0 20
"947" 25 5e+05 90000 0 46
"948" 25 5e+05 90000 0 2
"949" 25 5e+05 90000 1 38
"950" 25 5e+05 90000 0 42
"951" 25 5e+05 90000 0 6
"952" 25 5e+05 90000 0 56
"953" 25 5e+05 90000 0 28
"954" 25 5e+05 90000 0 14
"955" 25 5e+05 90000 0 8
"956" 25 5e+05 90000 0 41
"957" 25 5e+05 90000 1 26
"958" 25 5e+05 90000 0 33
"959" 25 5e+05 90000 1 50
"960" 25 5e+05 90000 0 30
"961" 25 5e+05 90000 0 6
"962" 25 5e+05 90000 0 33
"963" 25 5e+05 90000 0 10
"964" 25 5e+05 90000 0 4
"965" 25 5e+05 90000 0 6
"966" 25 5e+05 90000 0 8
"967" 25 5e+05 90000 1 52
"968" 25 5e+05 90000 0 6
"969" 25 5e+05 90000 0 5
"970" 25 5e+05 90000 0 4
"971" 25 5e+05 90000 0 4
"972" 25 5e+05 90000 0 19
"973" 25 5e+05 90000 0 15
"974" 25 5e+05 90000 0 20
"975" 25 5e+05 90000 0 49
"976" 25 5e+05 90000 0 14
"977" 25 5e+05 90000 0 37
"978" 25 5e+05 90000 0 4
"979" 25 5e+05 90000 0 7
"980" 25 5e+05 90000 1 26
"981" 25 5e+05 90000 1 41
"982" 25 5e+05 90000 1 53
"983" 25 5e+05 90000 0 11
"984" 25 5e+05 90000 0 47
"985" 25 5e+05 90000 0 26
"986" 25 5e+05 90000 0 31
"987" 25 5e+05 90000 0 4
"988" 25 5e+05 90000 0 4
"989" 25 5e+05 90000 0 11
"990" 25 5e+05 90000 1 13
"991" 25 5e+05 90000 0 33
"992" 25 5e+05 90000 0 14
"993" 25 5e+05 90000 0 6
"994" 25 5e+05 90000 0 5
"995" 25 5e+05 90000 0 14
"996" 25 5e+05 90000 0 8
"997" 25 5e+05 90000 0 19
"998" 25 5e+05 90000 0 6
"999" 25 5e+05 90000 0 6
"1000" 25 5e+05 90000 0 9
"1001" 25 5e+05 1e+05 0 10
"1002" 25 5e+05 1e+05 1 17
"1003" 25 5e+05 1e+05 1 55
"1004" 25 5e+05 1e+05 0 3
"1005" 25 5e+05 1e+05 0 4
"1006" 25 5e+05 1e+05 1 48
"1007" 25 5e+05 1e+05 1 19
"1008" 25 5e+05 1e+05 0 17
"1009" 25 5e+05 1e+05 0 19
"1010" 25 5e+05 1e+05 0 23
"1011" 25 5e+05 1e+05 1 53
"1012" 25 5e+05 1e+05 0 5
"1013" 25 5e+05 1e+05 0 16
"1014" 25 5e+05 1e+05 0 34
"1015" 25 5e+05 1e+05 1 73
"1016" 25 5e+05 1e+05 0 4
"1017" 25 5e+05 1e+05 1 39
"1018" 25 5e+05 1e+05 0 3
"1019" 25 5e+05 1e+05 0 8
"1020" 25 5e+05 1e+05 0 7
"1021" 25 5e+05 1e+05 0 15
"1022" 25 5e+05 1e+05 0 7
"1023" 25 5e+05 1e+05 0 38
"1024" 25 5e+05 1e+05 0 8
"1025" 25 5e+05 1e+05 0 3
"1026" 25 5e+05 1e+05 1 28
"1027" 25 5e+05 1e+05 0 5
"1028" 25 5e+05 1e+05 0 12
"1029" 25 5e+05 1e+05 0 23
"1030" 25 5e+05 1e+05 1 39
"1031" 25 5e+05 1e+05 0 21
"1032" 25 5e+05 1e+05 1 28
"1033" 25 5e+05 1e+05 1 58
"1034" 25 5e+05 1e+05 0 52
"1035" 25 5e+05 1e+05 0 59
"1036" 25 5e+05 1e+05 0 12
"1037" 25 5e+05 1e+05 0 11
"1038" 25 5e+05 1e+05 0 8
"1039" 25 5e+05 1e+05 0 12
"1040" 25 5e+05 1e+05 0 14
"1041" 25 5e+05 1e+05 0 22
"1042" 25 5e+05 1e+05 0 18
"1043" 25 5e+05 1e+05 1 28
"1044" 25 5e+05 1e+05 0 22
"1045" 25 5e+05 1e+05 0 4
"1046" 25 5e+05 1e+05 0 11
"1047" 25 5e+05 1e+05 0 6
"1048" 25 5e+05 1e+05 0 16
"1049" 25 5e+05 1e+05 0 70
"1050" 25 5e+05 1e+05 1 27
"1051" 25 5e+05 1e+05 0 8
"1052" 25 5e+05 1e+05 0 17
"1053" 25 5e+05 1e+05 1 24
"1054" 25 5e+05 1e+05 0 74
"1055" 25 5e+05 1e+05 0 29
"1056" 25 5e+05 1e+05 0 14
"1057" 25 5e+05 1e+05 0 7
"1058" 25 5e+05 1e+05 0 8
"1059" 25 5e+05 1e+05 0 19
"1060" 25 5e+05 1e+05 0 17
"1061" 25 5e+05 1e+05 0 7
"1062" 25 5e+05 1e+05 0 41
"1063" 25 5e+05 1e+05 0 9
"1064" 25 5e+05 1e+05 1 29
"1065" 25 5e+05 1e+05 0 7
"1066" 25 5e+05 1e+05 0 13
"1067" 25 5e+05 1e+05 0 7
"1068" 25 5e+05 1e+05 0 11
"1069" 25 5e+05 1e+05 0 51
"1070" 25 5e+05 1e+05 0 7
"1071" 25 5e+05 1e+05 0 4
"1072" 25 5e+05 1e+05 0 25
"1073" 25 5e+05 1e+05 0 11
"1074" 25 5e+05 1e+05 0 40
"1075" 25 5e+05 1e+05 0 51
"1076" 25 5e+05 1e+05 0 9
"1077" 25 5e+05 1e+05 0 31
"1078" 25 5e+05 1e+05 0 18
"1079" 25 5e+05 1e+05 0 38
"1080" 25 5e+05 1e+05 0 4
"1081" 25 5e+05 1e+05 0 33
"1082" 25 5e+05 1e+05 0 11
"1083" 25 5e+05 1e+05 0 5
"1084" 25 5e+05 1e+05 1 114
"1085" 25 5e+05 1e+05 0 9
"1086" 25 5e+05 1e+05 0 35
"1087" 25 5e+05 1e+05 1 24
"1088" 25 5e+05 1e+05 0 10
"1089" 25 5e+05 1e+05 0 4
"1090" 25 5e+05 1e+05 0 6
"1091" 25 5e+05 1e+05 1 64
"1092" 25 5e+05 1e+05 0 44
"1093" 25 5e+05 1e+05 0 26
"1094" 25 5e+05 1e+05 0 51
"1095" 25 5e+05 1e+05 0 4
"1096" 25 5e+05 1e+05 0 54
"1097" 25 5e+05 1e+05 1 45
"1098" 25 5e+05 1e+05 0 16
"1099" 25 5e+05 1e+05 1 76
"1100" 25 5e+05 1e+05 0 39
"1101" 25 5e+05 110000 0 17
"1102" 25 5e+05 110000 0 29
"1103" 25 5e+05 110000 0 15
"1104" 25 5e+05 110000 1 42
"1105" 25 5e+05 110000 0 22
"1106" 25 5e+05 110000 0 3
"1107" 25 5e+05 110000 0 5
"1108" 25 5e+05 110000 0 10
"1109" 25 5e+05 110000 1 15
"1110" 25 5e+05 110000 0 8
"1111" 25 5e+05 110000 0 8
"1112" 25 5e+05 110000 0 22
"1113" 25 5e+05 110000 0 17
"1114" 25 5e+05 110000 0 10
"1115" 25 5e+05 110000 1 12
"1116" 25 5e+05 110000 1 50
"1117" 25 5e+05 110000 0 18
"1118" 25 5e+05 110000 0 13
"1119" 25 5e+05 110000 0 11
"1120" 25 5e+05 110000 0 36
"1121" 25 5e+05 110000 1 29
"1122" 25 5e+05 110000 1 26
"1123" 25 5e+05 110000 0 11
"1124" 25 5e+05 110000 0 21
"1125" 25 5e+05 110000 0 2
"1126" 25 5e+05 110000 0 6
"1127" 25 5e+05 110000 0 9
"1128" 25 5e+05 110000 1 78
"1129" 25 5e+05 110000 0 69
"1130" 25 5e+05 110000 0 13
"1131" 25 5e+05 110000 1 33
"1132" 25 5e+05 110000 0 7
"1133" 25 5e+05 110000 0 15
"1134" 25 5e+05 110000 0 24
"1135" 25 5e+05 110000 0 33
"1136" 25 5e+05 110000 1 16
"1137" 25 5e+05 110000 0 6
"1138" 25 5e+05 110000 0 8
"1139" 25 5e+05 110000 1 18
"1140" 25 5e+05 110000 1 31
"1141" 25 5e+05 110000 0 20
"1142" 25 5e+05 110000 0 69
"1143" 25 5e+05 110000 0 8
"1144" 25 5e+05 110000 0 19
"1145" 25 5e+05 110000 0 9
"1146" 25 5e+05 110000 0 38
"1147" 25 5e+05 110000 0 55
"1148" 25 5e+05 110000 0 52
"1149" 25 5e+05 110000 0 10
"1150" 25 5e+05 110000 1 115
"1151" 25 5e+05 110000 0 9
"1152" 25 5e+05 110000 0 11
"1153" 25 5e+05 110000 1 26
"1154" 25 5e+05 110000 0 20
"1155" 25 5e+05 110000 0 7
"1156" 25 5e+05 110000 0 3
"1157" 25 5e+05 110000 1 11
"1158" 25 5e+05 110000 0 21
"1159" 25 5e+05 110000 0 14
"1160" 25 5e+05 110000 0 5
"1161" 25 5e+05 110000 0 19
"1162" 25 5e+05 110000 0 12
"1163" 25 5e+05 110000 0 21
"1164" 25 5e+05 110000 0 4
"1165" 25 5e+05 110000 0 11
"1166" 25 5e+05 110000 0 5
"1167" 25 5e+05 110000 0 3
"1168" 25 5e+05 110000 0 20
"1169" 25 5e+05 110000 1 20
"1170" 25 5e+05 110000 0 7
"1171" 25 5e+05 110000 1 44
"1172" 25 5e+05 110000 0 3
"1173" 25 5e+05 110000 0 6
"1174" 25 5e+05 110000 0 4
"1175" 25 5e+05 110000 0 25
"1176" 25 5e+05 110000 0 7
"1177" 25 5e+05 110000 0 3
"1178" 25 5e+05 110000 0 16
"1179" 25 5e+05 110000 0 33
"1180" 25 5e+05 110000 0 29
"1181" 25 5e+05 110000 0 35
"1182" 25 5e+05 110000 0 16
"1183" 25 5e+05 110000 0 23
"1184" 25 5e+05 110000 0 17
"1185" 25 5e+05 110000 1 15
"1186" 25 5e+05 110000 0 19
"1187" 25 5e+05 110000 0 9
"1188" 25 5e+05 110000 1 62
"1189" 25 5e+05 110000 0 6
"1190" 25 5e+05 110000 0 5
"1191" 25 5e+05 110000 0 14
"1192" 25 5e+05 110000 1 22
"1193" 25 5e+05 110000 0 48
"1194" 25 5e+05 110000 0 6
"1195" 25 5e+05 110000 0 45
"1196" 25 5e+05 110000 0 38
"1197" 25 5e+05 110000 0 8
"1198" 25 5e+05 110000 1 28
"1199" 25 5e+05 110000 0 12
"1200" 25 5e+05 110000 0 4
"1201" 25 5e+05 120000 0 23
"1202" 25 5e+05 120000 0 54
"1203" 25 5e+05 120000 0 17
"1204" 25 5e+05 120000 0 5
"1205" 25 5e+05 120000 1 24
"1206" 25 5e+05 120000 1 15
"1207" 25 5e+05 120000 0 8
"1208" 25 5e+05 120000 0 5
"1209" 25 5e+05 120000 1 31
"1210" 25 5e+05 120000 1 14
"1211" 25 5e+05 120000 0 16
"1212" 25 5e+05 120000 0 93
"1213" 25 5e+05 120000 0 20
"1214" 25 5e+05 120000 1 32
"1215" 25 5e+05 120000 1 37
"1216" 25 5e+05 120000 0 5
"1217" 25 5e+05 120000 1 17
"1218" 25 5e+05 120000 1 89
"1219" 25 5e+05 120000 0 56
"1220" 25 5e+05 120000 0 22
"1221" 25 5e+05 120000 1 46
"1222" 25 5e+05 120000 0 10
"1223" 25 5e+05 120000 1 67
"1224" 25 5e+05 120000 1 19
"1225" 25 5e+05 120000 1 25
"1226" 25 5e+05 120000 1 27
"1227" 25 5e+05 120000 0 11
"1228" 25 5e+05 120000 0 12
"1229" 25 5e+05 120000 0 91
"1230" 25 5e+05 120000 1 39
"1231" 25 5e+05 120000 0 11
"1232" 25 5e+05 120000 0 19
"1233" 25 5e+05 120000 0 14
"1234" 25 5e+05 120000 0 35
"1235" 25 5e+05 120000 1 31
"1236" 25 5e+05 120000 0 7
"1237" 25 5e+05 120000 0 33
"1238" 25 5e+05 120000 0 13
"1239" 25 5e+05 120000 1 18
"1240" 25 5e+05 120000 0 92
"1241" 25 5e+05 120000 1 14
"1242" 25 5e+05 120000 0 14
"1243" 25 5e+05 120000 1 73
"1244" 25 5e+05 120000 1 47
"1245" 25 5e+05 120000 0 4
"1246" 25 5e+05 120000 0 9
"1247" 25 5e+05 120000 0 21
"1248" 25 5e+05 120000 0 13
"1249" 25 5e+05 120000 0 11
"1250" 25 5e+05 120000 0 8
"1251" 25 5e+05 120000 1 26
"1252" 25 5e+05 120000 0 42
"1253" 25 5e+05 120000 0 30
"1254" 25 5e+05 120000 1 9
"1255" 25 5e+05 120000 1 25
"1256" 25 5e+05 120000 1 58
"1257" 25 5e+05 120000 0 10
"1258" 25 5e+05 120000 0 48
"1259" 25 5e+05 120000 1 85
"1260" 25 5e+05 120000 1 21
"1261" 25 5e+05 120000 0 17
"1262" 25 5e+05 120000 0 5
"1263" 25 5e+05 120000 0 17
"1264" 25 5e+05 120000 0 26
"1265" 25 5e+05 120000 0 26
"1266" 25 5e+05 120000 0 9
"1267" 25 5e+05 120000 0 32
"1268" 25 5e+05 120000 0 7
"1269" 25 5e+05 120000 0 25
"1270" 25 5e+05 120000 0 37
"1271" 25 5e+05 120000 1 54
"1272" 25 5e+05 120000 1 29
"1273" 25 5e+05 120000 0 13
"1274" 25 5e+05 120000 0 19
"1275" 25 5e+05 120000 0 15
"1276" 25 5e+05 120000 0 14
"1277" 25 5e+05 120000 1 43
"1278" 25 5e+05 120000 1 39
"1279" 25 5e+05 120000 0 10
"1280" 25 5e+05 120000 0 17
"1281" 25 5e+05 120000 0 9
"1282" 25 5e+05 120000 1 34
"1283" 25 5e+05 120000 0 9
"1284" 25 5e+05 120000 0 12
"1285" 25 5e+05 120000 1 48
"1286" 25 5e+05 120000 0 15
"1287" 25 5e+05 120000 1 18
"1288" 25 5e+05 120000 1 28
"1289" 25 5e+05 120000 0 24
"1290" 25 5e+05 120000 0 26
"1291" 25 5e+05 120000 0 7
"1292" 25 5e+05 120000 1 50
"1293" 25 5e+05 120000 0 3
"1294" 25 5e+05 120000 0 6
"1295" 25 5e+05 120000 0 4
"1296" 25 5e+05 120000 0 6
"1297" 25 5e+05 120000 0 6
"1298" 25 5e+05 120000 0 21
"1299" 25 5e+05 120000 0 6
"1300" 25 5e+05 120000 0 11
"1301" 25 5e+05 130000 0 6
"1302" 25 5e+05 130000 0 44
"1303" 25 5e+05 130000 0 30
"1304" 25 5e+05 130000 0 16
"1305" 25 5e+05 130000 0 18
"1306" 25 5e+05 130000 0 23
"1307" 25 5e+05 130000 0 8
"1308" 25 5e+05 130000 1 45
"1309" 25 5e+05 130000 0 30
"1310" 25 5e+05 130000 1 27
"1311" 25 5e+05 130000 0 19
"1312" 25 5e+05 130000 0 6
"1313" 25 5e+05 130000 0 4
"1314" 25 5e+05 130000 0 8
"1315" 25 5e+05 130000 0 10
"1316" 25 5e+05 130000 0 11
"1317" 25 5e+05 130000 0 5
"1318" 25 5e+05 130000 0 20
"1319" 25 5e+05 130000 0 13
"1320" 25 5e+05 130000 1 54
"1321" 25 5e+05 130000 0 3
"1322" 25 5e+05 130000 0 10
"1323" 25 5e+05 130000 0 5
"1324" 25 5e+05 130000 0 12
"1325" 25 5e+05 130000 0 40
"1326" 25 5e+05 130000 1 34
"1327" 25 5e+05 130000 0 22
"1328" 25 5e+05 130000 0 41
"1329" 25 5e+05 130000 0 69
"1330" 25 5e+05 130000 0 8
"1331" 25 5e+05 130000 1 47
"1332" 25 5e+05 130000 1 17
"1333" 25 5e+05 130000 0 15
"1334" 25 5e+05 130000 0 23
"1335" 25 5e+05 130000 1 14
"1336" 25 5e+05 130000 0 9
"1337" 25 5e+05 130000 0 17
"1338" 25 5e+05 130000 0 19
"1339" 25 5e+05 130000 0 9
"1340" 25 5e+05 130000 0 11
"1341" 25 5e+05 130000 0 7
"1342" 25 5e+05 130000 0 12
"1343" 25 5e+05 130000 0 25
"1344" 25 5e+05 130000 0 10
"1345" 25 5e+05 130000 0 22
"1346" 25 5e+05 130000 0 9
"1347" 25 5e+05 130000 0 42
"1348" 25 5e+05 130000 0 17
"1349" 25 5e+05 130000 1 46
"1350" 25 5e+05 130000 1 11
"1351" 25 5e+05 130000 1 16
"1352" 25 5e+05 130000 1 43
"1353" 25 5e+05 130000 1 37
"1354" 25 5e+05 130000 0 10
"1355" 25 5e+05 130000 0 13
"1356" 25 5e+05 130000 0 14
"1357" 25 5e+05 130000 0 11
"1358" 25 5e+05 130000 0 14
"1359" 25 5e+05 130000 0 8
"1360" 25 5e+05 130000 0 14
"1361" 25 5e+05 130000 1 55
"1362" 25 5e+05 130000 0 5
"1363" 25 5e+05 130000 0 39
"1364" 25 5e+05 130000 0 30
"1365" 25 5e+05 130000 0 6
"1366" 25 5e+05 130000 1 14
"1367" 25 5e+05 130000 1 27
"1368" 25 5e+05 130000 1 30
"1369" 25 5e+05 130000 0 22
"1370" 25 5e+05 130000 0 16
"1371" 25 5e+05 130000 0 4
"1372" 25 5e+05 130000 0 4
"1373" 25 5e+05 130000 0 7
"1374" 25 5e+05 130000 1 26
"1375" 25 5e+05 130000 0 28
"1376" 25 5e+05 130000 0 17
"1377" 25 5e+05 130000 1 33
"1378" 25 5e+05 130000 1 15
"1379" 25 5e+05 130000 0 15
"1380" 25 5e+05 130000 1 20
"1381" 25 5e+05 130000 0 19
"1382" 25 5e+05 130000 0 25
"1383" 25 5e+05 130000 0 13
"1384" 25 5e+05 130000 0 19
"1385" 25 5e+05 130000 0 113
"1386" 25 5e+05 130000 0 8
"1387" 25 5e+05 130000 0 43
"1388" 25 5e+05 130000 0 9
"1389" 25 5e+05 130000 0 12
"1390" 25 5e+05 130000 0 18
"1391" 25 5e+05 130000 0 51
"1392" 25 5e+05 130000 0 32
"1393" 25 5e+05 130000 0 7
"1394" 25 5e+05 130000 1 58
"1395" 25 5e+05 130000 0 53
"1396" 25 5e+05 130000 0 15
"1397" 25 5e+05 130000 0 12
"1398" 25 5e+05 130000 0 27
"1399" 25 5e+05 130000 1 75
"1400" 25 5e+05 130000 1 33
"1401" 25 5e+05 140000 0 17
"1402" 25 5e+05 140000 1 39
"1403" 25 5e+05 140000 1 53
"1404" 25 5e+05 140000 0 40
"1405" 25 5e+05 140000 1 113
"1406" 25 5e+05 140000 0 5
"1407" 25 5e+05 140000 1 9
"1408" 25 5e+05 140000 1 23
"1409" 25 5e+05 140000 1 46
"1410" 25 5e+05 140000 0 51
"1411" 25 5e+05 140000 1 18
"1412" 25 5e+05 140000 0 4
"1413" 25 5e+05 140000 1 43
"1414" 25 5e+05 140000 0 17
"1415" 25 5e+05 140000 1 43
"1416" 25 5e+05 140000 0 80
"1417" 25 5e+05 140000 1 24
"1418" 25 5e+05 140000 1 25
"1419" 25 5e+05 140000 1 45
"1420" 25 5e+05 140000 1 82
"1421" 25 5e+05 140000 0 17
"1422" 25 5e+05 140000 0 6
"1423" 25 5e+05 140000 0 9
"1424" 25 5e+05 140000 0 22
"1425" 25 5e+05 140000 0 22
"1426" 25 5e+05 140000 0 22
"1427" 25 5e+05 140000 0 9
"1428" 25 5e+05 140000 0 7
"1429" 25 5e+05 140000 0 19
"1430" 25 5e+05 140000 0 12
"1431" 25 5e+05 140000 1 30
"1432" 25 5e+05 140000 1 16
"1433" 25 5e+05 140000 0 8
"1434" 25 5e+05 140000 0 47
"1435" 25 5e+05 140000 0 17
"1436" 25 5e+05 140000 0 52
"1437" 25 5e+05 140000 0 18
"1438" 25 5e+05 140000 1 42
"1439" 25 5e+05 140000 1 35
"1440" 25 5e+05 140000 0 4
"1441" 25 5e+05 140000 1 24
"1442" 25 5e+05 140000 0 22
"1443" 25 5e+05 140000 0 5
"1444" 25 5e+05 140000 0 19
"1445" 25 5e+05 140000 0 4
"1446" 25 5e+05 140000 0 11
"1447" 25 5e+05 140000 0 20
"1448" 25 5e+05 140000 0 6
"1449" 25 5e+05 140000 0 7
"1450" 25 5e+05 140000 0 13
"1451" 25 5e+05 140000 1 67
"1452" 25 5e+05 140000 0 14
"1453" 25 5e+05 140000 1 44
"1454" 25 5e+05 140000 1 22
"1455" 25 5e+05 140000 1 28
"1456" 25 5e+05 140000 0 8
"1457" 25 5e+05 140000 0 8
"1458" 25 5e+05 140000 0 32
"1459" 25 5e+05 140000 1 70
"1460" 25 5e+05 140000 0 11
"1461" 25 5e+05 140000 0 8
"1462" 25 5e+05 140000 1 51
"1463" 25 5e+05 140000 1 23
"1464" 25 5e+05 140000 0 40
"1465" 25 5e+05 140000 0 5
"1466" 25 5e+05 140000 0 45
"1467" 25 5e+05 140000 0 22
"1468" 25 5e+05 140000 0 11
"1469" 25 5e+05 140000 1 27
"1470" 25 5e+05 140000 0 3
"1471" 25 5e+05 140000 1 20
"1472" 25 5e+05 140000 0 15
"1473" 25 5e+05 140000 0 5
"1474" 25 5e+05 140000 0 15
"1475" 25 5e+05 140000 1 38
"1476" 25 5e+05 140000 0 30
"1477" 25 5e+05 140000 1 41
"1478" 25 5e+05 140000 0 7
"1479" 25 5e+05 140000 0 12
"1480" 25 5e+05 140000 0 28
"1481" 25 5e+05 140000 1 27
"1482" 25 5e+05 140000 0 6
"1483" 25 5e+05 140000 1 22
"1484" 25 5e+05 140000 1 22
"1485" 25 5e+05 140000 0 14
"1486" 25 5e+05 140000 0 14
"1487" 25 5e+05 140000 0 41
"1488" 25 5e+05 140000 0 45
"1489" 25 5e+05 140000 0 20
"1490" 25 5e+05 140000 1 36
"1491" 25 5e+05 140000 0 22
"1492" 25 5e+05 140000 1 117
"1493" 25 5e+05 140000 0 33
"1494" 25 5e+05 140000 0 7
"1495" 25 5e+05 140000 0 22
"1496" 25 5e+05 140000 1 22
"1497" 25 5e+05 140000 1 60
"1498" 25 5e+05 140000 0 13
"1499" 25 5e+05 140000 0 40
"1500" 25 5e+05 140000 0 11
"1501" 25 5e+05 150000 0 6
"1502" 25 5e+05 150000 0 56
"1503" 25 5e+05 150000 0 6
"1504" 25 5e+05 150000 0 5
"1505" 25 5e+05 150000 1 35
"1506" 25 5e+05 150000 1 79
"1507" 25 5e+05 150000 1 106
"1508" 25 5e+05 150000 0 24
"1509" 25 5e+05 150000 0 114
"1510" 25 5e+05 150000 0 58
"1511" 25 5e+05 150000 0 12
"1512" 25 5e+05 150000 0 31
"1513" 25 5e+05 150000 1 54
"1514" 25 5e+05 150000 0 6
"1515" 25 5e+05 150000 1 89
"1516" 25 5e+05 150000 0 38
"1517" 25 5e+05 150000 0 3
"1518" 25 5e+05 150000 1 24
"1519" 25 5e+05 150000 1 40
"1520" 25 5e+05 150000 0 41
"1521" 25 5e+05 150000 1 95
"1522" 25 5e+05 150000 1 49
"1523" 25 5e+05 150000 0 12
"1524" 25 5e+05 150000 0 15
"1525" 25 5e+05 150000 1 14
"1526" 25 5e+05 150000 0 22
"1527" 25 5e+05 150000 0 6
"1528" 25 5e+05 150000 0 34
"1529" 25 5e+05 150000 0 11
"1530" 25 5e+05 150000 0 22
"1531" 25 5e+05 150000 0 63
"1532" 25 5e+05 150000 0 6
"1533" 25 5e+05 150000 0 4
"1534" 25 5e+05 150000 0 20
"1535" 25 5e+05 150000 0 42
"1536" 25 5e+05 150000 0 30
"1537" 25 5e+05 150000 0 49
"1538" 25 5e+05 150000 0 34
"1539" 25 5e+05 150000 0 17
"1540" 25 5e+05 150000 0 9
"1541" 25 5e+05 150000 0 10
"1542" 25 5e+05 150000 0 30
"1543" 25 5e+05 150000 0 10
"1544" 25 5e+05 150000 1 15
"1545" 25 5e+05 150000 1 28
"1546" 25 5e+05 150000 0 12
"1547" 25 5e+05 150000 1 24
"1548" 25 5e+05 150000 1 32
"1549" 25 5e+05 150000 0 33
"1550" 25 5e+05 150000 1 21
"1551" 25 5e+05 150000 0 56
"1552" 25 5e+05 150000 0 9
"1553" 25 5e+05 150000 1 91
"1554" 25 5e+05 150000 1 33
"1555" 25 5e+05 150000 0 7
"1556" 25 5e+05 150000 0 74
"1557" 25 5e+05 150000 1 45
"1558" 25 5e+05 150000 0 17
"1559" 25 5e+05 150000 0 4
"1560" 25 5e+05 150000 0 10
"1561" 25 5e+05 150000 0 49
"1562" 25 5e+05 150000 1 43
"1563" 25 5e+05 150000 0 21
"1564" 25 5e+05 150000 0 8
"1565" 25 5e+05 150000 0 9
"1566" 25 5e+05 150000 0 8
"1567" 25 5e+05 150000 0 50
"1568" 25 5e+05 150000 0 15
"1569" 25 5e+05 150000 1 31
"1570" 25 5e+05 150000 0 17
"1571" 25 5e+05 150000 0 9
"1572" 25 5e+05 150000 1 51
"1573" 25 5e+05 150000 0 33
"1574" 25 5e+05 150000 1 25
"1575" 25 5e+05 150000 0 11
"1576" 25 5e+05 150000 0 9
"1577" 25 5e+05 150000 0 14
"1578" 25 5e+05 150000 1 42
"1579" 25 5e+05 150000 1 29
"1580" 25 5e+05 150000 1 78
"1581" 25 5e+05 150000 0 33
"1582" 25 5e+05 150000 0 32
"1583" 25 5e+05 150000 0 7
"1584" 25 5e+05 150000 0 14
"1585" 25 5e+05 150000 0 55
"1586" 25 5e+05 150000 0 44
"1587" 25 5e+05 150000 0 19
"1588" 25 5e+05 150000 0 7
"1589" 25 5e+05 150000 0 16
"1590" 25 5e+05 150000 0 35
"1591" 25 5e+05 150000 0 7
"1592" 25 5e+05 150000 0 21
"1593" 25 5e+05 150000 0 10
"1594" 25 5e+05 150000 0 13
"1595" 25 5e+05 150000 0 15
"1596" 25 5e+05 150000 0 27
"1597" 25 5e+05 150000 0 9
"1598" 25 5e+05 150000 1 76
"1599" 25 5e+05 150000 1 7
"1600" 25 5e+05 150000 1 85
"1601" 25 5e+05 160000 0 24
"1602" 25 5e+05 160000 1 29
"1603" 25 5e+05 160000 0 12
"1604" 25 5e+05 160000 0 98
"1605" 25 5e+05 160000 0 70
"1606" 25 5e+05 160000 0 23
"1607" 25 5e+05 160000 0 15
"1608" 25 5e+05 160000 0 58
"1609" 25 5e+05 160000 0 11
"1610" 25 5e+05 160000 1 22
"1611" 25 5e+05 160000 0 16
"1612" 25 5e+05 160000 1 52
"1613" 25 5e+05 160000 0 7
"1614" 25 5e+05 160000 0 7
"1615" 25 5e+05 160000 0 35
"1616" 25 5e+05 160000 1 16
"1617" 25 5e+05 160000 1 52
"1618" 25 5e+05 160000 1 44
"1619" 25 5e+05 160000 1 41
"1620" 25 5e+05 160000 0 4
"1621" 25 5e+05 160000 0 19
"1622" 25 5e+05 160000 1 9
"1623" 25 5e+05 160000 1 22
"1624" 25 5e+05 160000 0 8
"1625" 25 5e+05 160000 0 21
"1626" 25 5e+05 160000 0 25
"1627" 25 5e+05 160000 1 19
"1628" 25 5e+05 160000 0 42
"1629" 25 5e+05 160000 1 25
"1630" 25 5e+05 160000 0 21
"1631" 25 5e+05 160000 1 19
"1632" 25 5e+05 160000 0 19
"1633" 25 5e+05 160000 1 83
"1634" 25 5e+05 160000 0 12
"1635" 25 5e+05 160000 1 51
"1636" 25 5e+05 160000 1 45
"1637" 25 5e+05 160000 0 12
"1638" 25 5e+05 160000 0 23
"1639" 25 5e+05 160000 0 20
"1640" 25 5e+05 160000 0 37
"1641" 25 5e+05 160000 0 6
"1642" 25 5e+05 160000 0 30
"1643" 25 5e+05 160000 0 11
"1644" 25 5e+05 160000 0 22
"1645" 25 5e+05 160000 1 28
"1646" 25 5e+05 160000 1 56
"1647" 25 5e+05 160000 0 12
"1648" 25 5e+05 160000 0 8
"1649" 25 5e+05 160000 0 52
"1650" 25 5e+05 160000 0 16
"1651" 25 5e+05 160000 0 42
"1652" 25 5e+05 160000 0 18
"1653" 25 5e+05 160000 0 13
"1654" 25 5e+05 160000 0 19
"1655" 25 5e+05 160000 1 33
"1656" 25 5e+05 160000 0 31
"1657" 25 5e+05 160000 0 12
"1658" 25 5e+05 160000 1 33
"1659" 25 5e+05 160000 0 8
"1660" 25 5e+05 160000 0 40
"1661" 25 5e+05 160000 0 8
"1662" 25 5e+05 160000 0 35
"1663" 25 5e+05 160000 0 16
"1664" 25 5e+05 160000 0 31
"1665" 25 5e+05 160000 0 31
"1666" 25 5e+05 160000 0 24
"1667" 25 5e+05 160000 1 84
"1668" 25 5e+05 160000 0 18
"1669" 25 5e+05 160000 0 48
"1670" 25 5e+05 160000 1 24
"1671" 25 5e+05 160000 1 27
"1672" 25 5e+05 160000 0 26
"1673" 25 5e+05 160000 0 52
"1674" 25 5e+05 160000 1 22
"1675" 25 5e+05 160000 1 63
"1676" 25 5e+05 160000 0 20
"1677" 25 5e+05 160000 0 20
"1678" 25 5e+05 160000 0 23
"1679" 25 5e+05 160000 0 7
"1680" 25 5e+05 160000 0 29
"1681" 25 5e+05 160000 0 45
"1682" 25 5e+05 160000 1 17
"1683" 25 5e+05 160000 0 14
"1684" 25 5e+05 160000 0 17
"1685" 25 5e+05 160000 1 27
"1686" 25 5e+05 160000 0 91
"1687" 25 5e+05 160000 0 38
"1688" 25 5e+05 160000 0 13
"1689" 25 5e+05 160000 0 5
"1690" 25 5e+05 160000 1 12
"1691" 25 5e+05 160000 0 38
"1692" 25 5e+05 160000 0 7
"1693" 25 5e+05 160000 0 16
"1694" 25 5e+05 160000 0 26
"1695" 25 5e+05 160000 1 34
"1696" 25 5e+05 160000 0 5
"1697" 25 5e+05 160000 0 24
"1698" 25 5e+05 160000 1 52
"1699" 25 5e+05 160000 0 20
"1700" 25 5e+05 160000 0 49
"1701" 25 5e+05 170000 0 8
"1702" 25 5e+05 170000 0 27
"1703" 25 5e+05 170000 0 11
"1704" 25 5e+05 170000 0 17
"1705" 25 5e+05 170000 0 52
"1706" 25 5e+05 170000 0 12
"1707" 25 5e+05 170000 0 19
"1708" 25 5e+05 170000 1 34
"1709" 25 5e+05 170000 0 23
"1710" 25 5e+05 170000 0 9
"1711" 25 5e+05 170000 0 58
"1712" 25 5e+05 170000 0 6
"1713" 25 5e+05 170000 1 11
"1714" 25 5e+05 170000 1 52
"1715" 25 5e+05 170000 0 62
"1716" 25 5e+05 170000 0 9
"1717" 25 5e+05 170000 1 31
"1718" 25 5e+05 170000 1 50
"1719" 25 5e+05 170000 0 87
"1720" 25 5e+05 170000 0 25
"1721" 25 5e+05 170000 0 6
"1722" 25 5e+05 170000 0 24
"1723" 25 5e+05 170000 0 104
"1724" 25 5e+05 170000 0 154
"1725" 25 5e+05 170000 1 21
"1726" 25 5e+05 170000 0 27
"1727" 25 5e+05 170000 1 17
"1728" 25 5e+05 170000 0 46
"1729" 25 5e+05 170000 1 27
"1730" 25 5e+05 170000 1 29
"1731" 25 5e+05 170000 1 63
"1732" 25 5e+05 170000 1 31
"1733" 25 5e+05 170000 1 67
"1734" 25 5e+05 170000 0 22
"1735" 25 5e+05 170000 0 19
"1736" 25 5e+05 170000 0 10
"1737" 25 5e+05 170000 1 20
"1738" 25 5e+05 170000 0 45
"1739" 25 5e+05 170000 1 50
"1740" 25 5e+05 170000 1 17
"1741" 25 5e+05 170000 0 13
"1742" 25 5e+05 170000 0 34
"1743" 25 5e+05 170000 1 68
"1744" 25 5e+05 170000 1 27
"1745" 25 5e+05 170000 0 9
"1746" 25 5e+05 170000 1 35
"1747" 25 5e+05 170000 0 21
"1748" 25 5e+05 170000 0 28
"1749" 25 5e+05 170000 0 13
"1750" 25 5e+05 170000 0 31
"1751" 25 5e+05 170000 0 23
"1752" 25 5e+05 170000 1 49
"1753" 25 5e+05 170000 0 8
"1754" 25 5e+05 170000 0 78
"1755" 25 5e+05 170000 0 14
"1756" 25 5e+05 170000 1 24
"1757" 25 5e+05 170000 0 18
"1758" 25 5e+05 170000 1 72
"1759" 25 5e+05 170000 0 9
"1760" 25 5e+05 170000 0 38
"1761" 25 5e+05 170000 1 57
"1762" 25 5e+05 170000 1 36
"1763" 25 5e+05 170000 0 22
"1764" 25 5e+05 170000 0 46
"1765" 25 5e+05 170000 0 32
"1766" 25 5e+05 170000 0 43
"1767" 25 5e+05 170000 1 19
"1768" 25 5e+05 170000 0 116
"1769" 25 5e+05 170000 1 27
"1770" 25 5e+05 170000 0 17
"1771" 25 5e+05 170000 0 52
"1772" 25 5e+05 170000 0 16
"1773" 25 5e+05 170000 0 26
"1774" 25 5e+05 170000 0 88
"1775" 25 5e+05 170000 0 8
"1776" 25 5e+05 170000 0 11
"1777" 25 5e+05 170000 0 23
"1778" 25 5e+05 170000 0 31
"1779" 25 5e+05 170000 1 80
"1780" 25 5e+05 170000 0 58
"1781" 25 5e+05 170000 0 31
"1782" 25 5e+05 170000 1 20
"1783" 25 5e+05 170000 0 18
"1784" 25 5e+05 170000 0 71
"1785" 25 5e+05 170000 1 21
"1786" 25 5e+05 170000 1 23
"1787" 25 5e+05 170000 0 17
"1788" 25 5e+05 170000 0 19
"1789" 25 5e+05 170000 0 8
"1790" 25 5e+05 170000 0 19
"1791" 25 5e+05 170000 0 12
"1792" 25 5e+05 170000 0 12
"1793" 25 5e+05 170000 0 10
"1794" 25 5e+05 170000 0 11
"1795" 25 5e+05 170000 0 16
"1796" 25 5e+05 170000 0 110
"1797" 25 5e+05 170000 0 18
"1798" 25 5e+05 170000 0 46
"1799" 25 5e+05 170000 0 15
"1800" 25 5e+05 170000 1 68
"1801" 25 5e+05 180000 0 19
"1802" 25 5e+05 180000 1 26
"1803" 25 5e+05 180000 0 16
"1804" 25 5e+05 180000 0 15
"1805" 25 5e+05 180000 1 49
"1806" 25 5e+05 180000 1 66
"1807" 25 5e+05 180000 1 52
"1808" 25 5e+05 180000 0 14
"1809" 25 5e+05 180000 0 41
"1810" 25 5e+05 180000 0 28
"1811" 25 5e+05 180000 0 18
"1812" 25 5e+05 180000 1 17
"1813" 25 5e+05 180000 0 20
"1814" 25 5e+05 180000 0 55
"1815" 25 5e+05 180000 0 50
"1816" 25 5e+05 180000 0 29
"1817" 25 5e+05 180000 1 18
"1818" 25 5e+05 180000 1 32
"1819" 25 5e+05 180000 1 36
"1820" 25 5e+05 180000 1 35
"1821" 25 5e+05 180000 1 12
"1822" 25 5e+05 180000 0 17
"1823" 25 5e+05 180000 0 24
"1824" 25 5e+05 180000 0 7
"1825" 25 5e+05 180000 1 24
"1826" 25 5e+05 180000 0 16
"1827" 25 5e+05 180000 0 33
"1828" 25 5e+05 180000 0 6
"1829" 25 5e+05 180000 1 26
"1830" 25 5e+05 180000 0 7
"1831" 25 5e+05 180000 0 17
"1832" 25 5e+05 180000 0 31
"1833" 25 5e+05 180000 1 15
"1834" 25 5e+05 180000 1 36
"1835" 25 5e+05 180000 1 27
"1836" 25 5e+05 180000 0 31
"1837" 25 5e+05 180000 0 6
"1838" 25 5e+05 180000 0 23
"1839" 25 5e+05 180000 1 40
"1840" 25 5e+05 180000 0 16
"1841" 25 5e+05 180000 0 42
"1842" 25 5e+05 180000 0 13
"1843" 25 5e+05 180000 0 18
"1844" 25 5e+05 180000 0 89
"1845" 25 5e+05 180000 0 40
"1846" 25 5e+05 180000 0 11
"1847" 25 5e+05 180000 0 30
"1848" 25 5e+05 180000 0 52
"1849" 25 5e+05 180000 1 15
"1850" 25 5e+05 180000 1 56
"1851" 25 5e+05 180000 1 13
"1852" 25 5e+05 180000 0 13
"1853" 25 5e+05 180000 1 11
"1854" 25 5e+05 180000 1 51
"1855" 25 5e+05 180000 0 19
"1856" 25 5e+05 180000 0 35
"1857" 25 5e+05 180000 0 13
"1858" 25 5e+05 180000 0 16
"1859" 25 5e+05 180000 0 35
"1860" 25 5e+05 180000 0 18
"1861" 25 5e+05 180000 0 51
"1862" 25 5e+05 180000 0 23
"1863" 25 5e+05 180000 1 40
"1864" 25 5e+05 180000 0 9
"1865" 25 5e+05 180000 0 33
"1866" 25 5e+05 180000 1 32
"1867" 25 5e+05 180000 0 25
"1868" 25 5e+05 180000 0 12
"1869" 25 5e+05 180000 0 13
"1870" 25 5e+05 180000 1 179
"1871" 25 5e+05 180000 1 34
"1872" 25 5e+05 180000 1 36
"1873" 25 5e+05 180000 1 91
"1874" 25 5e+05 180000 1 21
"1875" 25 5e+05 180000 1 65
"1876" 25 5e+05 180000 1 49
"1877" 25 5e+05 180000 0 26
"1878" 25 5e+05 180000 0 6
"1879" 25 5e+05 180000 1 45
"1880" 25 5e+05 180000 1 75
"1881" 25 5e+05 180000 0 19
"1882" 25 5e+05 180000 0 19
"1883" 25 5e+05 180000 1 23
"1884" 25 5e+05 180000 1 35
"1885" 25 5e+05 180000 0 36
"1886" 25 5e+05 180000 1 32
"1887" 25 5e+05 180000 0 6
"1888" 25 5e+05 180000 0 12
"1889" 25 5e+05 180000 1 25
"1890" 25 5e+05 180000 1 30
"1891" 25 5e+05 180000 0 8
"1892" 25 5e+05 180000 1 90
"1893" 25 5e+05 180000 0 31
"1894" 25 5e+05 180000 0 20
"1895" 25 5e+05 180000 1 47
"1896" 25 5e+05 180000 1 12
"1897" 25 5e+05 180000 0 9
"1898" 25 5e+05 180000 0 27
"1899" 25 5e+05 180000 1 64
"1900" 25 5e+05 180000 0 23
"1901" 25 5e+05 190000 0 15
"1902" 25 5e+05 190000 0 14
"1903" 25 5e+05 190000 1 43
"1904" 25 5e+05 190000 0 15
"1905" 25 5e+05 190000 1 71
"1906" 25 5e+05 190000 0 11
"1907" 25 5e+05 190000 0 63
"1908" 25 5e+05 190000 0 25
"1909" 25 5e+05 190000 1 47
"1910" 25 5e+05 190000 0 23
"1911" 25 5e+05 190000 0 14
"1912" 25 5e+05 190000 1 24
"1913" 25 5e+05 190000 1 42
"1914" 25 5e+05 190000 0 52
"1915" 25 5e+05 190000 1 35
"1916" 25 5e+05 190000 1 50
"1917" 25 5e+05 190000 1 43
"1918" 25 5e+05 190000 1 10
"1919" 25 5e+05 190000 0 38
"1920" 25 5e+05 190000 0 6
"1921" 25 5e+05 190000 0 19
"1922" 25 5e+05 190000 0 16
"1923" 25 5e+05 190000 1 20
"1924" 25 5e+05 190000 1 68
"1925" 25 5e+05 190000 1 37
"1926" 25 5e+05 190000 0 70
"1927" 25 5e+05 190000 0 17
"1928" 25 5e+05 190000 1 81
"1929" 25 5e+05 190000 0 46
"1930" 25 5e+05 190000 0 22
"1931" 25 5e+05 190000 0 28
"1932" 25 5e+05 190000 0 23
"1933" 25 5e+05 190000 1 26
"1934" 25 5e+05 190000 0 79
"1935" 25 5e+05 190000 0 50
"1936" 25 5e+05 190000 1 16
"1937" 25 5e+05 190000 0 24
"1938" 25 5e+05 190000 1 53
"1939" 25 5e+05 190000 0 20
"1940" 25 5e+05 190000 0 6
"1941" 25 5e+05 190000 1 37
"1942" 25 5e+05 190000 1 72
"1943" 25 5e+05 190000 0 95
"1944" 25 5e+05 190000 1 32
"1945" 25 5e+05 190000 1 40
"1946" 25 5e+05 190000 0 115
"1947" 25 5e+05 190000 1 17
"1948" 25 5e+05 190000 0 10
"1949" 25 5e+05 190000 0 20
"1950" 25 5e+05 190000 1 43
"1951" 25 5e+05 190000 0 34
"1952" 25 5e+05 190000 0 40
"1953" 25 5e+05 190000 1 43
"1954" 25 5e+05 190000 0 12
"1955" 25 5e+05 190000 1 26
"1956" 25 5e+05 190000 0 68
"1957" 25 5e+05 190000 1 55
"1958" 25 5e+05 190000 1 95
"1959" 25 5e+05 190000 1 70
"1960" 25 5e+05 190000 0 46
"1961" 25 5e+05 190000 1 22
"1962" 25 5e+05 190000 0 27
"1963" 25 5e+05 190000 0 47
"1964" 25 5e+05 190000 0 11
"1965" 25 5e+05 190000 1 42
"1966" 25 5e+05 190000 1 21
"1967" 25 5e+05 190000 0 10
"1968" 25 5e+05 190000 1 44
"1969" 25 5e+05 190000 0 69
"1970" 25 5e+05 190000 0 21
"1971" 25 5e+05 190000 1 39
"1972" 25 5e+05 190000 0 16
"1973" 25 5e+05 190000 0 18
"1974" 25 5e+05 190000 1 41
"1975" 25 5e+05 190000 0 32
"1976" 25 5e+05 190000 0 17
"1977" 25 5e+05 190000 0 17
"1978" 25 5e+05 190000 1 18
"1979" 25 5e+05 190000 0 30
"1980" 25 5e+05 190000 0 23
"1981" 25 5e+05 190000 0 12
"1982" 25 5e+05 190000 0 47
"1983" 25 5e+05 190000 1 26
"1984" 25 5e+05 190000 0 7
"1985" 25 5e+05 190000 0 39
"1986" 25 5e+05 190000 1 8
"1987" 25 5e+05 190000 0 11
"1988" 25 5e+05 190000 0 31
"1989" 25 5e+05 190000 0 9
"1990" 25 5e+05 190000 0 15
"1991" 25 5e+05 190000 0 12
"1992" 25 5e+05 190000 1 18
"1993" 25 5e+05 190000 0 8
"1994" 25 5e+05 190000 0 12
"1995" 25 5e+05 190000 0 49
"1996" 25 5e+05 190000 0 47
"1997" 25 5e+05 190000 0 57
"1998" 25 5e+05 190000 0 45
"1999" 25 5e+05 190000 1 57
"2000" 25 5e+05 190000 1 30
"2001" 25 5e+05 2e+05 1 65
"2002" 25 5e+05 2e+05 0 13
"2003" 25 5e+05 2e+05 0 93
"2004" 25 5e+05 2e+05 1 110
"2005" 25 5e+05 2e+05 1 8
"2006" 25 5e+05 2e+05 0 16
"2007" 25 5e+05 2e+05 0 11
"2008" 25 5e+05 2e+05 0 10
"2009" 25 5e+05 2e+05 1 14
"2010" 25 5e+05 2e+05 0 17
"2011" 25 5e+05 2e+05 1 42
"2012" 25 5e+05 2e+05 1 30
"2013" 25 5e+05 2e+05 0 44
"2014" 25 5e+05 2e+05 0 50
"2015" 25 5e+05 2e+05 0 13
"2016" 25 5e+05 2e+05 0 16
"2017" 25 5e+05 2e+05 0 17
"2018" 25 5e+05 2e+05 0 47
"2019" 25 5e+05 2e+05 1 102
"2020" 25 5e+05 2e+05 1 41
"2021" 25 5e+05 2e+05 0 36
"2022" 25 5e+05 2e+05 0 15
"2023" 25 5e+05 2e+05 0 135
"2024" 25 5e+05 2e+05 0 33
"2025" 25 5e+05 2e+05 0 131
"2026" 25 5e+05 2e+05 0 31
"2027" 25 5e+05 2e+05 1 56
"2028" 25 5e+05 2e+05 1 72
"2029" 25 5e+05 2e+05 1 37
"2030" 25 5e+05 2e+05 0 11
"2031" 25 5e+05 2e+05 0 62
"2032" 25 5e+05 2e+05 0 9
"2033" 25 5e+05 2e+05 1 7
"2034" 25 5e+05 2e+05 1 69
"2035" 25 5e+05 2e+05 1 43
"2036" 25 5e+05 2e+05 0 34
"2037" 25 5e+05 2e+05 0 18
"2038" 25 5e+05 2e+05 0 24
"2039" 25 5e+05 2e+05 0 7
"2040" 25 5e+05 2e+05 0 43
"2041" 25 5e+05 2e+05 1 43
"2042" 25 5e+05 2e+05 1 41
"2043" 25 5e+05 2e+05 0 14
"2044" 25 5e+05 2e+05 1 59
"2045" 25 5e+05 2e+05 0 13
"2046" 25 5e+05 2e+05 1 40
"2047" 25 5e+05 2e+05 1 75
"2048" 25 5e+05 2e+05 1 20
"2049" 25 5e+05 2e+05 0 15
"2050" 25 5e+05 2e+05 1 16
"2051" 25 5e+05 2e+05 1 29
"2052" 25 5e+05 2e+05 1 14
"2053" 25 5e+05 2e+05 1 155
"2054" 25 5e+05 2e+05 1 34
"2055" 25 5e+05 2e+05 0 7
"2056" 25 5e+05 2e+05 0 16
"2057" 25 5e+05 2e+05 0 31
"2058" 25 5e+05 2e+05 1 38
"2059" 25 5e+05 2e+05 1 57
"2060" 25 5e+05 2e+05 0 38
"2061" 25 5e+05 2e+05 1 36
"2062" 25 5e+05 2e+05 1 77
"2063" 25 5e+05 2e+05 0 6
"2064" 25 5e+05 2e+05 1 25
"2065" 25 5e+05 2e+05 0 19
"2066" 25 5e+05 2e+05 0 40
"2067" 25 5e+05 2e+05 0 22
"2068" 25 5e+05 2e+05 0 63
"2069" 25 5e+05 2e+05 0 20
"2070" 25 5e+05 2e+05 0 34
"2071" 25 5e+05 2e+05 0 31
"2072" 25 5e+05 2e+05 0 33
"2073" 25 5e+05 2e+05 0 17
"2074" 25 5e+05 2e+05 1 17
"2075" 25 5e+05 2e+05 1 39
"2076" 25 5e+05 2e+05 0 25
"2077" 25 5e+05 2e+05 0 6
"2078" 25 5e+05 2e+05 1 102
"2079" 25 5e+05 2e+05 0 46
"2080" 25 5e+05 2e+05 0 27
"2081" 25 5e+05 2e+05 0 37
"2082" 25 5e+05 2e+05 1 10
"2083" 25 5e+05 2e+05 1 22
"2084" 25 5e+05 2e+05 1 30
"2085" 25 5e+05 2e+05 1 61
"2086" 25 5e+05 2e+05 0 107
"2087" 25 5e+05 2e+05 1 31
"2088" 25 5e+05 2e+05 0 30
"2089" 25 5e+05 2e+05 0 21
"2090" 25 5e+05 2e+05 0 34
"2091" 25 5e+05 2e+05 0 8
"2092" 25 5e+05 2e+05 1 17
"2093" 25 5e+05 2e+05 0 23
"2094" 25 5e+05 2e+05 0 26
"2095" 25 5e+05 2e+05 0 29
"2096" 25 5e+05 2e+05 1 94
"2097" 25 5e+05 2e+05 0 16
"2098" 25 5e+05 2e+05 0 15
"2099" 25 5e+05 2e+05 1 38
"2100" 25 5e+05 2e+05 1 90
"2101" 25 5e+05 210000 1 25
"2102" 25 5e+05 210000 0 16
"2103" 25 5e+05 210000 1 94
"2104" 25 5e+05 210000 0 20
"2105" 25 5e+05 210000 0 10
"2106" 25 5e+05 210000 1 68
"2107" 25 5e+05 210000 1 66
"2108" 25 5e+05 210000 1 38
"2109" 25 5e+05 210000 0 8
"2110" 25 5e+05 210000 0 6
"2111" 25 5e+05 210000 1 23
"2112" 25 5e+05 210000 1 12
"2113" 25 5e+05 210000 0 10
"2114" 25 5e+05 210000 1 29
"2115" 25 5e+05 210000 0 15
"2116" 25 5e+05 210000 0 23
"2117" 25 5e+05 210000 1 17
"2118" 25 5e+05 210000 0 21
"2119" 25 5e+05 210000 0 49
"2120" 25 5e+05 210000 0 13
"2121" 25 5e+05 210000 0 13
"2122" 25 5e+05 210000 1 12
"2123" 25 5e+05 210000 0 13
"2124" 25 5e+05 210000 0 22
"2125" 25 5e+05 210000 0 14
"2126" 25 5e+05 210000 0 44
"2127" 25 5e+05 210000 0 25
"2128" 25 5e+05 210000 1 28
"2129" 25 5e+05 210000 1 6
"2130" 25 5e+05 210000 0 47
"2131" 25 5e+05 210000 0 35
"2132" 25 5e+05 210000 0 74
"2133" 25 5e+05 210000 0 42
"2134" 25 5e+05 210000 1 55
"2135" 25 5e+05 210000 0 65
"2136" 25 5e+05 210000 0 32
"2137" 25 5e+05 210000 0 27
"2138" 25 5e+05 210000 0 7
"2139" 25 5e+05 210000 1 24
"2140" 25 5e+05 210000 0 43
"2141" 25 5e+05 210000 1 19
"2142" 25 5e+05 210000 1 34
"2143" 25 5e+05 210000 0 67
"2144" 25 5e+05 210000 0 7
"2145" 25 5e+05 210000 1 29
"2146" 25 5e+05 210000 1 23
"2147" 25 5e+05 210000 0 46
"2148" 25 5e+05 210000 1 71
"2149" 25 5e+05 210000 0 11
"2150" 25 5e+05 210000 0 14
"2151" 25 5e+05 210000 0 33
"2152" 25 5e+05 210000 0 25
"2153" 25 5e+05 210000 0 32
"2154" 25 5e+05 210000 0 8
"2155" 25 5e+05 210000 0 57
"2156" 25 5e+05 210000 1 97
"2157" 25 5e+05 210000 0 63
"2158" 25 5e+05 210000 0 12
"2159" 25 5e+05 210000 1 13
"2160" 25 5e+05 210000 1 21
"2161" 25 5e+05 210000 1 40
"2162" 25 5e+05 210000 0 40
"2163" 25 5e+05 210000 0 115
"2164" 25 5e+05 210000 1 10
"2165" 25 5e+05 210000 1 64
"2166" 25 5e+05 210000 0 8
"2167" 25 5e+05 210000 0 51
"2168" 25 5e+05 210000 0 20
"2169" 25 5e+05 210000 0 7
"2170" 25 5e+05 210000 0 23
"2171" 25 5e+05 210000 0 7
"2172" 25 5e+05 210000 1 12
"2173" 25 5e+05 210000 0 54
"2174" 25 5e+05 210000 0 16
"2175" 25 5e+05 210000 0 13
"2176" 25 5e+05 210000 1 14
"2177" 25 5e+05 210000 0 7
"2178" 25 5e+05 210000 0 37
"2179" 25 5e+05 210000 0 21
"2180" 25 5e+05 210000 0 77
"2181" 25 5e+05 210000 1 32
"2182" 25 5e+05 210000 0 47
"2183" 25 5e+05 210000 1 25
"2184" 25 5e+05 210000 0 16
"2185" 25 5e+05 210000 0 65
"2186" 25 5e+05 210000 1 24
"2187" 25 5e+05 210000 1 75
"2188" 25 5e+05 210000 1 40
"2189" 25 5e+05 210000 1 6
"2190" 25 5e+05 210000 1 86
"2191" 25 5e+05 210000 0 34
"2192" 25 5e+05 210000 1 37
"2193" 25 5e+05 210000 1 49
"2194" 25 5e+05 210000 0 27
"2195" 25 5e+05 210000 0 35
"2196" 25 5e+05 210000 0 30
"2197" 25 5e+05 210000 1 20
"2198" 25 5e+05 210000 0 38
"2199" 25 5e+05 210000 0 9
"2200" 25 5e+05 210000 0 40
"2201" 25 5e+05 220000 0 22
"2202" 25 5e+05 220000 1 71
"2203" 25 5e+05 220000 0 44
"2204" 25 5e+05 220000 1 39
"2205" 25 5e+05 220000 1 30
"2206" 25 5e+05 220000 0 13
"2207" 25 5e+05 220000 0 66
"2208" 25 5e+05 220000 1 27
"2209" 25 5e+05 220000 0 63
"2210" 25 5e+05 220000 1 14
"2211" 25 5e+05 220000 1 15
"2212" 25 5e+05 220000 0 34
"2213" 25 5e+05 220000 0 20
"2214" 25 5e+05 220000 0 27
"2215" 25 5e+05 220000 1 27
"2216" 25 5e+05 220000 0 32
"2217" 25 5e+05 220000 1 31
"2218" 25 5e+05 220000 1 68
"2219" 25 5e+05 220000 1 43
"2220" 25 5e+05 220000 1 40
"2221" 25 5e+05 220000 0 35
"2222" 25 5e+05 220000 0 10
"2223" 25 5e+05 220000 1 26
"2224" 25 5e+05 220000 0 34
"2225" 25 5e+05 220000 0 27
"2226" 25 5e+05 220000 1 16
"2227" 25 5e+05 220000 1 23
"2228" 25 5e+05 220000 0 30
"2229" 25 5e+05 220000 0 8
"2230" 25 5e+05 220000 1 7
"2231" 25 5e+05 220000 1 26
"2232" 25 5e+05 220000 0 22
"2233" 25 5e+05 220000 1 32
"2234" 25 5e+05 220000 0 50
"2235" 25 5e+05 220000 0 19
"2236" 25 5e+05 220000 1 24
"2237" 25 5e+05 220000 1 19
"2238" 25 5e+05 220000 1 33
"2239" 25 5e+05 220000 1 33
"2240" 25 5e+05 220000 1 14
"2241" 25 5e+05 220000 0 10
"2242" 25 5e+05 220000 0 24
"2243" 25 5e+05 220000 1 26
"2244" 25 5e+05 220000 0 10
"2245" 25 5e+05 220000 1 15
"2246" 25 5e+05 220000 1 62
"2247" 25 5e+05 220000 1 31
"2248" 25 5e+05 220000 1 15
"2249" 25 5e+05 220000 1 12
"2250" 25 5e+05 220000 1 25
"2251" 25 5e+05 220000 1 59
"2252" 25 5e+05 220000 0 74
"2253" 25 5e+05 220000 0 6
"2254" 25 5e+05 220000 1 9
"2255" 25 5e+05 220000 1 22
"2256" 25 5e+05 220000 0 7
"2257" 25 5e+05 220000 0 24
"2258" 25 5e+05 220000 1 19
"2259" 25 5e+05 220000 1 10
"2260" 25 5e+05 220000 1 66
"2261" 25 5e+05 220000 0 61
"2262" 25 5e+05 220000 1 23
"2263" 25 5e+05 220000 1 55
"2264" 25 5e+05 220000 0 6
"2265" 25 5e+05 220000 1 48
"2266" 25 5e+05 220000 0 16
"2267" 25 5e+05 220000 0 24
"2268" 25 5e+05 220000 0 44
"2269" 25 5e+05 220000 1 29
"2270" 25 5e+05 220000 1 30
"2271" 25 5e+05 220000 1 18
"2272" 25 5e+05 220000 0 5
"2273" 25 5e+05 220000 0 47
"2274" 25 5e+05 220000 1 31
"2275" 25 5e+05 220000 1 28
"2276" 25 5e+05 220000 1 17
"2277" 25 5e+05 220000 0 82
"2278" 25 5e+05 220000 1 5
"2279" 25 5e+05 220000 0 15
"2280" 25 5e+05 220000 0 56
"2281" 25 5e+05 220000 0 8
"2282" 25 5e+05 220000 0 46
"2283" 25 5e+05 220000 0 17
"2284" 25 5e+05 220000 0 75
"2285" 25 5e+05 220000 0 8
"2286" 25 5e+05 220000 1 65
"2287" 25 5e+05 220000 0 28
"2288" 25 5e+05 220000 1 26
"2289" 25 5e+05 220000 1 20
"2290" 25 5e+05 220000 1 63
"2291" 25 5e+05 220000 0 53
"2292" 25 5e+05 220000 0 47
"2293" 25 5e+05 220000 0 52
"2294" 25 5e+05 220000 1 39
"2295" 25 5e+05 220000 0 52
"2296" 25 5e+05 220000 0 12
"2297" 25 5e+05 220000 0 26
"2298" 25 5e+05 220000 1 36
"2299" 25 5e+05 220000 1 21
"2300" 25 5e+05 220000 0 21
"2301" 25 5e+05 230000 0 19
"2302" 25 5e+05 230000 1 50
"2303" 25 5e+05 230000 1 19
"2304" 25 5e+05 230000 0 41
"2305" 25 5e+05 230000 0 23
"2306" 25 5e+05 230000 1 47
"2307" 25 5e+05 230000 0 11
"2308" 25 5e+05 230000 1 39
"2309" 25 5e+05 230000 0 20
"2310" 25 5e+05 230000 1 27
"2311" 25 5e+05 230000 1 38
"2312" 25 5e+05 230000 0 24
"2313" 25 5e+05 230000 0 56
"2314" 25 5e+05 230000 0 60
"2315" 25 5e+05 230000 1 9
"2316" 25 5e+05 230000 1 47
"2317" 25 5e+05 230000 0 46
"2318" 25 5e+05 230000 1 60
"2319" 25 5e+05 230000 1 42
"2320" 25 5e+05 230000 0 17
"2321" 25 5e+05 230000 0 17
"2322" 25 5e+05 230000 1 14
"2323" 25 5e+05 230000 0 63
"2324" 25 5e+05 230000 1 29
"2325" 25 5e+05 230000 1 40
"2326" 25 5e+05 230000 0 199
"2327" 25 5e+05 230000 0 10
"2328" 25 5e+05 230000 1 18
"2329" 25 5e+05 230000 0 15
"2330" 25 5e+05 230000 1 157
"2331" 25 5e+05 230000 1 13
"2332" 25 5e+05 230000 1 45
"2333" 25 5e+05 230000 1 73
"2334" 25 5e+05 230000 1 50
"2335" 25 5e+05 230000 1 18
"2336" 25 5e+05 230000 0 18
"2337" 25 5e+05 230000 1 116
"2338" 25 5e+05 230000 0 15
"2339" 25 5e+05 230000 1 19
"2340" 25 5e+05 230000 0 56
"2341" 25 5e+05 230000 1 26
"2342" 25 5e+05 230000 0 34
"2343" 25 5e+05 230000 0 50
"2344" 25 5e+05 230000 1 13
"2345" 25 5e+05 230000 1 26
"2346" 25 5e+05 230000 0 14
"2347" 25 5e+05 230000 1 42
"2348" 25 5e+05 230000 1 55
"2349" 25 5e+05 230000 0 33
"2350" 25 5e+05 230000 1 49
"2351" 25 5e+05 230000 0 34
"2352" 25 5e+05 230000 1 31
"2353" 25 5e+05 230000 0 28
"2354" 25 5e+05 230000 0 21
"2355" 25 5e+05 230000 1 43
"2356" 25 5e+05 230000 0 16
"2357" 25 5e+05 230000 0 28
"2358" 25 5e+05 230000 1 19
"2359" 25 5e+05 230000 1 48
"2360" 25 5e+05 230000 0 36
"2361" 25 5e+05 230000 0 16
"2362" 25 5e+05 230000 0 20
"2363" 25 5e+05 230000 1 59
"2364" 25 5e+05 230000 1 24
"2365" 25 5e+05 230000 0 55
"2366" 25 5e+05 230000 0 27
"2367" 25 5e+05 230000 1 40
"2368" 25 5e+05 230000 0 17
"2369" 25 5e+05 230000 0 12
"2370" 25 5e+05 230000 0 16
"2371" 25 5e+05 230000 1 9
"2372" 25 5e+05 230000 0 10
"2373" 25 5e+05 230000 0 18
"2374" 25 5e+05 230000 1 22
"2375" 25 5e+05 230000 1 14
"2376" 25 5e+05 230000 1 15
"2377" 25 5e+05 230000 1 12
"2378" 25 5e+05 230000 0 93
"2379" 25 5e+05 230000 0 29
"2380" 25 5e+05 230000 0 84
"2381" 25 5e+05 230000 1 13
"2382" 25 5e+05 230000 1 19
"2383" 25 5e+05 230000 0 25
"2384" 25 5e+05 230000 0 35
"2385" 25 5e+05 230000 1 37
"2386" 25 5e+05 230000 0 15
"2387" 25 5e+05 230000 1 49
"2388" 25 5e+05 230000 1 24
"2389" 25 5e+05 230000 0 18
"2390" 25 5e+05 230000 1 81
"2391" 25 5e+05 230000 0 17
"2392" 25 5e+05 230000 0 23
"2393" 25 5e+05 230000 1 31
"2394" 25 5e+05 230000 0 89
"2395" 25 5e+05 230000 0 25
"2396" 25 5e+05 230000 0 39
"2397" 25 5e+05 230000 1 49
"2398" 25 5e+05 230000 0 32
"2399" 25 5e+05 230000 0 30
"2400" 25 5e+05 230000 0 71
"2401" 25 5e+05 240000 0 50
"2402" 25 5e+05 240000 1 27
"2403" 25 5e+05 240000 1 31
"2404" 25 5e+05 240000 0 116
"2405" 25 5e+05 240000 0 53
"2406" 25 5e+05 240000 1 10
"2407" 25 5e+05 240000 0 17
"2408" 25 5e+05 240000 1 50
"2409" 25 5e+05 240000 1 22
"2410" 25 5e+05 240000 0 35
"2411" 25 5e+05 240000 0 7
"2412" 25 5e+05 240000 1 37
"2413" 25 5e+05 240000 0 35
"2414" 25 5e+05 240000 0 34
"2415" 25 5e+05 240000 0 23
"2416" 25 5e+05 240000 0 12
"2417" 25 5e+05 240000 0 31
"2418" 25 5e+05 240000 0 5
"2419" 25 5e+05 240000 0 29
"2420" 25 5e+05 240000 0 45
"2421" 25 5e+05 240000 1 36
"2422" 25 5e+05 240000 0 46
"2423" 25 5e+05 240000 0 18
"2424" 25 5e+05 240000 1 23
"2425" 25 5e+05 240000 1 6
"2426" 25 5e+05 240000 1 30
"2427" 25 5e+05 240000 1 15
"2428" 25 5e+05 240000 0 24
"2429" 25 5e+05 240000 0 17
"2430" 25 5e+05 240000 1 13
"2431" 25 5e+05 240000 0 30
"2432" 25 5e+05 240000 0 32
"2433" 25 5e+05 240000 0 28
"2434" 25 5e+05 240000 1 34
"2435" 25 5e+05 240000 0 33
"2436" 25 5e+05 240000 0 13
"2437" 25 5e+05 240000 1 15
"2438" 25 5e+05 240000 1 88
"2439" 25 5e+05 240000 1 33
"2440" 25 5e+05 240000 1 24
"2441" 25 5e+05 240000 0 51
"2442" 25 5e+05 240000 1 38
"2443" 25 5e+05 240000 1 43
"2444" 25 5e+05 240000 0 10
"2445" 25 5e+05 240000 0 88
"2446" 25 5e+05 240000 1 110
"2447" 25 5e+05 240000 0 15
"2448" 25 5e+05 240000 1 29
"2449" 25 5e+05 240000 1 96
"2450" 25 5e+05 240000 0 22
"2451" 25 5e+05 240000 1 52
"2452" 25 5e+05 240000 0 36
"2453" 25 5e+05 240000 0 27
"2454" 25 5e+05 240000 0 23
"2455" 25 5e+05 240000 0 21
"2456" 25 5e+05 240000 0 28
"2457" 25 5e+05 240000 1 20
"2458" 25 5e+05 240000 0 77
"2459" 25 5e+05 240000 0 16
"2460" 25 5e+05 240000 1 27
"2461" 25 5e+05 240000 0 33
"2462" 25 5e+05 240000 0 36
"2463" 25 5e+05 240000 0 40
"2464" 25 5e+05 240000 1 34
"2465" 25 5e+05 240000 0 23
"2466" 25 5e+05 240000 0 97
"2467" 25 5e+05 240000 1 45
"2468" 25 5e+05 240000 1 28
"2469" 25 5e+05 240000 0 12
"2470" 25 5e+05 240000 0 16
"2471" 25 5e+05 240000 1 41
"2472" 25 5e+05 240000 0 25
"2473" 25 5e+05 240000 0 61
"2474" 25 5e+05 240000 0 19
"2475" 25 5e+05 240000 0 13
"2476" 25 5e+05 240000 1 18
"2477" 25 5e+05 240000 1 7
"2478" 25 5e+05 240000 1 21
"2479" 25 5e+05 240000 1 20
"2480" 25 5e+05 240000 0 47
"2481" 25 5e+05 240000 0 65
"2482" 25 5e+05 240000 0 22
"2483" 25 5e+05 240000 1 17
"2484" 25 5e+05 240000 0 26
"2485" 25 5e+05 240000 0 76
"2486" 25 5e+05 240000 1 60
"2487" 25 5e+05 240000 0 30
"2488" 25 5e+05 240000 1 38
"2489" 25 5e+05 240000 1 22
"2490" 25 5e+05 240000 1 30
"2491" 25 5e+05 240000 0 9
"2492" 25 5e+05 240000 0 69
"2493" 25 5e+05 240000 0 10
"2494" 25 5e+05 240000 1 23
"2495" 25 5e+05 240000 0 37
"2496" 25 5e+05 240000 0 18
"2497" 25 5e+05 240000 0 18
"2498" 25 5e+05 240000 1 58
"2499" 25 5e+05 240000 1 21
"2500" 25 5e+05 240000 1 33
"2501" 25 5e+05 250000 1 10
"2502" 25 5e+05 250000 1 25
"2503" 25 5e+05 250000 1 118
"2504" 25 5e+05 250000 0 55
"2505" 25 5e+05 250000 0 25
"2506" 25 5e+05 250000 0 64
"2507" 25 5e+05 250000 1 43
"2508" 25 5e+05 250000 0 54
"2509" 25 5e+05 250000 1 13
"2510" 25 5e+05 250000 0 49
"2511" 25 5e+05 250000 1 16
"2512" 25 5e+05 250000 1 10
"2513" 25 5e+05 250000 0 13
"2514" 25 5e+05 250000 0 55
"2515" 25 5e+05 250000 1 26
"2516" 25 5e+05 250000 1 26
"2517" 25 5e+05 250000 1 13
"2518" 25 5e+05 250000 1 75
"2519" 25 5e+05 250000 1 35
"2520" 25 5e+05 250000 0 31
"2521" 25 5e+05 250000 0 10
"2522" 25 5e+05 250000 1 6
"2523" 25 5e+05 250000 0 14
"2524" 25 5e+05 250000 1 57
"2525" 25 5e+05 250000 1 7
"2526" 25 5e+05 250000 0 25
"2527" 25 5e+05 250000 1 23
"2528" 25 5e+05 250000 0 10
"2529" 25 5e+05 250000 1 30
"2530" 25 5e+05 250000 1 14
"2531" 25 5e+05 250000 0 18
"2532" 25 5e+05 250000 1 35
"2533" 25 5e+05 250000 0 16
"2534" 25 5e+05 250000 0 10
"2535" 25 5e+05 250000 1 12
"2536" 25 5e+05 250000 1 9
"2537" 25 5e+05 250000 0 8
"2538" 25 5e+05 250000 0 14
"2539" 25 5e+05 250000 1 50
"2540" 25 5e+05 250000 1 25
"2541" 25 5e+05 250000 0 29
"2542" 25 5e+05 250000 1 35
"2543" 25 5e+05 250000 0 38
"2544" 25 5e+05 250000 0 46
"2545" 25 5e+05 250000 0 18
"2546" 25 5e+05 250000 1 17
"2547" 25 5e+05 250000 0 84
"2548" 25 5e+05 250000 0 14
"2549" 25 5e+05 250000 0 10
"2550" 25 5e+05 250000 1 157
"2551" 25 5e+05 250000 1 36
"2552" 25 5e+05 250000 1 28
"2553" 25 5e+05 250000 1 11
"2554" 25 5e+05 250000 1 25
"2555" 25 5e+05 250000 0 9
"2556" 25 5e+05 250000 1 7
"2557" 25 5e+05 250000 1 7
"2558" 25 5e+05 250000 1 53
"2559" 25 5e+05 250000 1 17
"2560" 25 5e+05 250000 0 51
"2561" 25 5e+05 250000 1 16
"2562" 25 5e+05 250000 1 10
"2563" 25 5e+05 250000 0 29
"2564" 25 5e+05 250000 1 38
"2565" 25 5e+05 250000 1 19
"2566" 25 5e+05 250000 0 22
"2567" 25 5e+05 250000 1 166
"2568" 25 5e+05 250000 1 21
"2569" 25 5e+05 250000 0 36
"2570" 25 5e+05 250000 1 107
"2571" 25 5e+05 250000 0 35
"2572" 25 5e+05 250000 1 89
"2573" 25 5e+05 250000 1 56
"2574" 25 5e+05 250000 0 21
"2575" 25 5e+05 250000 1 100
"2576" 25 5e+05 250000 0 19
"2577" 25 5e+05 250000 1 8
"2578" 25 5e+05 250000 1 37
"2579" 25 5e+05 250000 0 25
"2580" 25 5e+05 250000 0 17
"2581" 25 5e+05 250000 1 113
"2582" 25 5e+05 250000 0 14
"2583" 25 5e+05 250000 0 16
"2584" 25 5e+05 250000 0 20
"2585" 25 5e+05 250000 1 36
"2586" 25 5e+05 250000 0 67
"2587" 25 5e+05 250000 1 19
"2588" 25 5e+05 250000 1 38
"2589" 25 5e+05 250000 1 34
"2590" 25 5e+05 250000 0 15
"2591" 25 5e+05 250000 0 15
"2592" 25 5e+05 250000 0 44
"2593" 25 5e+05 250000 0 45
"2594" 25 5e+05 250000 0 18
"2595" 25 5e+05 250000 1 49
"2596" 25 5e+05 250000 0 21
"2597" 25 5e+05 250000 1 18
"2598" 25 5e+05 250000 1 31
"2599" 25 5e+05 250000 1 49
"2600" 25 5e+05 250000 1 23
