"BottleneckSize" "NumberOfMtDnaPerOocyte" "InitialNumberOfMutantAlleles" "FinalHeteroplasmy" "Generations"
"1" 25 5e+05 1 0 2
"2" 25 5e+05 1 0 2
"3" 25 5e+05 1 0 2
"4" 25 5e+05 1 0 2
"5" 25 5e+05 1 0 2
"6" 25 5e+05 1 0 2
"7" 25 5e+05 1 0 2
"8" 25 5e+05 1 0 2
"9" 25 5e+05 1 0 2
"10" 25 5e+05 1 0 2
"11" 25 5e+05 1 0 2
"12" 25 5e+05 1 0 2
"13" 25 5e+05 1 0 2
"14" 25 5e+05 1 0 2
"15" 25 5e+05 1 0 2
"16" 25 5e+05 1 0 2
"17" 25 5e+05 1 0 2
"18" 25 5e+05 1 0 2
"19" 25 5e+05 1 0 2
"20" 25 5e+05 1 0 2
"21" 25 5e+05 1 0 2
"22" 25 5e+05 1 0 2
"23" 25 5e+05 1 0 2
"24" 25 5e+05 1 0 2
"25" 25 5e+05 1 0 2
"26" 25 5e+05 1 0 2
"27" 25 5e+05 1 0 2
"28" 25 5e+05 1 0 2
"29" 25 5e+05 1 0 2
"30" 25 5e+05 1 0 2
"31" 25 5e+05 1 0 2
"32" 25 5e+05 1 0 2
"33" 25 5e+05 1 0 2
"34" 25 5e+05 1 0 2
"35" 25 5e+05 1 0 2
"36" 25 5e+05 1 0 2
"37" 25 5e+05 1 0 2
"38" 25 5e+05 1 0 2
"39" 25 5e+05 1 0 2
"40" 25 5e+05 1 0 2
"41" 25 5e+05 1 0 2
"42" 25 5e+05 1 0 2
"43" 25 5e+05 1 0 2
"44" 25 5e+05 1 0 2
"45" 25 5e+05 1 0 2
"46" 25 5e+05 1 0 2
"47" 25 5e+05 1 0 2
"48" 25 5e+05 1 0 2
"49" 25 5e+05 1 0 2
"50" 25 5e+05 1 0 2
"51" 25 5e+05 10000 0 2
"52" 25 5e+05 10000 0 2
"53" 25 5e+05 10000 0 2
"54" 25 5e+05 10000 0 2
"55" 25 5e+05 10000 1 30
"56" 25 5e+05 10000 0 2
"57" 25 5e+05 10000 0 4
"58" 25 5e+05 10000 0 7
"59" 25 5e+05 10000 0 2
"60" 25 5e+05 10000 0 4
"61" 25 5e+05 10000 0 8
"62" 25 5e+05 10000 0 3
"63" 25 5e+05 10000 0 10
"64" 25 5e+05 10000 0 2
"65" 25 5e+05 10000 0 2
"66" 25 5e+05 10000 0 3
"67" 25 5e+05 10000 0 2
"68" 25 5e+05 10000 0 3
"69" 25 5e+05 10000 0 2
"70" 25 5e+05 10000 0 4
"71" 25 5e+05 10000 0 2
"72" 25 5e+05 10000 0 4
"73" 25 5e+05 10000 0 2
"74" 25 5e+05 10000 0 2
"75" 25 5e+05 10000 0 2
"76" 25 5e+05 10000 0 5
"77" 25 5e+05 10000 0 19
"78" 25 5e+05 10000 0 2
"79" 25 5e+05 10000 0 3
"80" 25 5e+05 10000 0 4
"81" 25 5e+05 10000 0 3
"82" 25 5e+05 10000 0 11
"83" 25 5e+05 10000 0 2
"84" 25 5e+05 10000 0 30
"85" 25 5e+05 10000 0 2
"86" 25 5e+05 10000 0 8
"87" 25 5e+05 10000 0 8
"88" 25 5e+05 10000 0 2
"89" 25 5e+05 10000 0 6
"90" 25 5e+05 10000 0 2
"91" 25 5e+05 10000 0 15
"92" 25 5e+05 10000 0 2
"93" 25 5e+05 10000 0 4
"94" 25 5e+05 10000 0 2
"95" 25 5e+05 10000 0 2
"96" 25 5e+05 10000 0 3
"97" 25 5e+05 10000 0 2
"98" 25 5e+05 10000 0 16
"99" 25 5e+05 10000 0 2
"100" 25 5e+05 10000 0 2
"101" 25 5e+05 20000 0 20
"102" 25 5e+05 20000 0 9
"103" 25 5e+05 20000 0 2
"104" 25 5e+05 20000 0 2
"105" 25 5e+05 20000 0 2
"106" 25 5e+05 20000 0 21
"107" 25 5e+05 20000 0 15
"108" 25 5e+05 20000 0 4
"109" 25 5e+05 20000 0 3
"110" 25 5e+05 20000 0 5
"111" 25 5e+05 20000 0 3
"112" 25 5e+05 20000 0 17
"113" 25 5e+05 20000 0 3
"114" 25 5e+05 20000 0 3
"115" 25 5e+05 20000 1 117
"116" 25 5e+05 20000 0 13
"117" 25 5e+05 20000 0 7
"118" 25 5e+05 20000 0 4
"119" 25 5e+05 20000 0 2
"120" 25 5e+05 20000 0 5
"121" 25 5e+05 20000 0 6
"122" 25 5e+05 20000 1 26
"123" 25 5e+05 20000 0 6
"124" 25 5e+05 20000 0 2
"125" 25 5e+05 20000 0 10
"126" 25 5e+05 20000 0 3
"127" 25 5e+05 20000 0 3
"128" 25 5e+05 20000 0 25
"129" 25 5e+05 20000 0 3
"130" 25 5e+05 20000 0 3
"131" 25 5e+05 20000 0 2
"132" 25 5e+05 20000 0 3
"133" 25 5e+05 20000 0 2
"134" 25 5e+05 20000 0 2
"135" 25 5e+05 20000 0 3
"136" 25 5e+05 20000 0 3
"137" 25 5e+05 20000 0 18
"138" 25 5e+05 20000 0 2
"139" 25 5e+05 20000 0 3
"140" 25 5e+05 20000 0 2
"141" 25 5e+05 20000 0 2
"142" 25 5e+05 20000 0 2
"143" 25 5e+05 20000 0 3
"144" 25 5e+05 20000 0 10
"145" 25 5e+05 20000 0 35
"146" 25 5e+05 20000 0 2
"147" 25 5e+05 20000 0 4
"148" 25 5e+05 20000 0 2
"149" 25 5e+05 20000 0 87
"150" 25 5e+05 20000 0 2
"151" 25 5e+05 30000 0 2
"152" 25 5e+05 30000 0 3
"153" 25 5e+05 30000 0 57
"154" 25 5e+05 30000 0 3
"155" 25 5e+05 30000 0 2
"156" 25 5e+05 30000 0 104
"157" 25 5e+05 30000 0 2
"158" 25 5e+05 30000 0 14
"159" 25 5e+05 30000 0 12
"160" 25 5e+05 30000 0 3
"161" 25 5e+05 30000 0 2
"162" 25 5e+05 30000 0 2
"163" 25 5e+05 30000 0 3
"164" 25 5e+05 30000 0 2
"165" 25 5e+05 30000 0 8
"166" 25 5e+05 30000 0 4
"167" 25 5e+05 30000 0 8
"168" 25 5e+05 30000 0 4
"169" 25 5e+05 30000 1 22
"170" 25 5e+05 30000 0 6
"171" 25 5e+05 30000 0 8
"172" 25 5e+05 30000 0 2
"173" 25 5e+05 30000 0 2
"174" 25 5e+05 30000 0 3
"175" 25 5e+05 30000 0 3
"176" 25 5e+05 30000 0 6
"177" 25 5e+05 30000 1 24
"178" 25 5e+05 30000 0 2
"179" 25 5e+05 30000 0 11
"180" 25 5e+05 30000 0 4
"181" 25 5e+05 30000 0 10
"182" 25 5e+05 30000 0 7
"183" 25 5e+05 30000 0 6
"184" 25 5e+05 30000 0 6
"185" 25 5e+05 30000 0 3
"186" 25 5e+05 30000 0 4
"187" 25 5e+05 30000 0 2
"188" 25 5e+05 30000 0 7
"189" 25 5e+05 30000 0 2
"190" 25 5e+05 30000 0 4
"191" 25 5e+05 30000 0 7
"192" 25 5e+05 30000 0 2
"193" 25 5e+05 30000 0 5
"194" 25 5e+05 30000 0 2
"195" 25 5e+05 30000 0 14
"196" 25 5e+05 30000 0 2
"197" 25 5e+05 30000 0 28
"198" 25 5e+05 30000 0 69
"199" 25 5e+05 30000 0 14
"200" 25 5e+05 30000 0 25
"201" 25 5e+05 40000 0 2
"202" 25 5e+05 40000 0 3
"203" 25 5e+05 40000 0 9
"204" 25 5e+05 40000 0 26
"205" 25 5e+05 40000 0 12
"206" 25 5e+05 40000 0 6
"207" 25 5e+05 40000 0 2
"208" 25 5e+05 40000 0 55
"209" 25 5e+05 40000 0 4
"210" 25 5e+05 40000 0 7
"211" 25 5e+05 40000 0 75
"212" 25 5e+05 40000 0 2
"213" 25 5e+05 40000 0 7
"214" 25 5e+05 40000 0 2
"215" 25 5e+05 40000 0 12
"216" 25 5e+05 40000 0 2
"217" 25 5e+05 40000 0 3
"218" 25 5e+05 40000 0 7
"219" 25 5e+05 40000 0 8
"220" 25 5e+05 40000 0 13
"221" 25 5e+05 40000 0 2
"222" 25 5e+05 40000 0 3
"223" 25 5e+05 40000 0 44
"224" 25 5e+05 40000 0 2
"225" 25 5e+05 40000 0 5
"226" 25 5e+05 40000 0 5
"227" 25 5e+05 40000 0 9
"228" 25 5e+05 40000 1 36
"229" 25 5e+05 40000 0 13
"230" 25 5e+05 40000 0 4
"231" 25 5e+05 40000 0 6
"232" 25 5e+05 40000 0 8
"233" 25 5e+05 40000 0 4
"234" 25 5e+05 40000 0 2
"235" 25 5e+05 40000 0 11
"236" 25 5e+05 40000 0 2
"237" 25 5e+05 40000 0 3
"238" 25 5e+05 40000 0 5
"239" 25 5e+05 40000 0 5
"240" 25 5e+05 40000 0 4
"241" 25 5e+05 40000 0 2
"242" 25 5e+05 40000 1 24
"243" 25 5e+05 40000 0 2
"244" 25 5e+05 40000 0 2
"245" 25 5e+05 40000 0 4
"246" 25 5e+05 40000 0 2
"247" 25 5e+05 40000 1 16
"248" 25 5e+05 40000 0 11
"249" 25 5e+05 40000 1 40
"250" 25 5e+05 40000 0 3
"251" 25 5e+05 50000 0 30
"252" 25 5e+05 50000 0 5
"253" 25 5e+05 50000 1 53
"254" 25 5e+05 50000 0 16
"255" 25 5e+05 50000 0 14
"256" 25 5e+05 50000 1 29
"257" 25 5e+05 50000 0 3
"258" 25 5e+05 50000 0 10
"259" 25 5e+05 50000 0 3
"260" 25 5e+05 50000 1 43
"261" 25 5e+05 50000 0 21
"262" 25 5e+05 50000 0 2
"263" 25 5e+05 50000 0 7
"264" 25 5e+05 50000 0 2
"265" 25 5e+05 50000 0 7
"266" 25 5e+05 50000 1 70
"267" 25 5e+05 50000 0 8
"268" 25 5e+05 50000 0 9
"269" 25 5e+05 50000 1 98
"270" 25 5e+05 50000 0 9
"271" 25 5e+05 50000 0 7
"272" 25 5e+05 50000 0 10
"273" 25 5e+05 50000 0 3
"274" 25 5e+05 50000 0 11
"275" 25 5e+05 50000 0 24
"276" 25 5e+05 50000 0 37
"277" 25 5e+05 50000 0 8
"278" 25 5e+05 50000 0 4
"279" 25 5e+05 50000 1 27
"280" 25 5e+05 50000 0 2
"281" 25 5e+05 50000 0 4
"282" 25 5e+05 50000 0 5
"283" 25 5e+05 50000 0 18
"284" 25 5e+05 50000 0 7
"285" 25 5e+05 50000 0 7
"286" 25 5e+05 50000 0 52
"287" 25 5e+05 50000 0 11
"288" 25 5e+05 50000 0 19
"289" 25 5e+05 50000 0 10
"290" 25 5e+05 50000 0 10
"291" 25 5e+05 50000 0 11
"292" 25 5e+05 50000 0 9
"293" 25 5e+05 50000 0 6
"294" 25 5e+05 50000 0 7
"295" 25 5e+05 50000 0 32
"296" 25 5e+05 50000 0 2
"297" 25 5e+05 50000 0 5
"298" 25 5e+05 50000 0 5
"299" 25 5e+05 50000 0 8
"300" 25 5e+05 50000 0 14
"301" 25 5e+05 60000 1 34
"302" 25 5e+05 60000 0 13
"303" 25 5e+05 60000 0 3
"304" 25 5e+05 60000 1 18
"305" 25 5e+05 60000 0 17
"306" 25 5e+05 60000 0 4
"307" 25 5e+05 60000 1 45
"308" 25 5e+05 60000 0 6
"309" 25 5e+05 60000 0 29
"310" 25 5e+05 60000 0 4
"311" 25 5e+05 60000 0 53
"312" 25 5e+05 60000 1 19
"313" 25 5e+05 60000 0 3
"314" 25 5e+05 60000 1 19
"315" 25 5e+05 60000 0 8
"316" 25 5e+05 60000 0 14
"317" 25 5e+05 60000 0 15
"318" 25 5e+05 60000 0 3
"319" 25 5e+05 60000 0 2
"320" 25 5e+05 60000 0 21
"321" 25 5e+05 60000 0 6
"322" 25 5e+05 60000 0 4
"323" 25 5e+05 60000 0 22
"324" 25 5e+05 60000 1 30
"325" 25 5e+05 60000 0 17
"326" 25 5e+05 60000 0 11
"327" 25 5e+05 60000 0 7
"328" 25 5e+05 60000 0 5
"329" 25 5e+05 60000 0 4
"330" 25 5e+05 60000 0 2
"331" 25 5e+05 60000 0 24
"332" 25 5e+05 60000 0 7
"333" 25 5e+05 60000 0 19
"334" 25 5e+05 60000 0 11
"335" 25 5e+05 60000 0 84
"336" 25 5e+05 60000 0 10
"337" 25 5e+05 60000 0 4
"338" 25 5e+05 60000 0 20
"339" 25 5e+05 60000 0 51
"340" 25 5e+05 60000 1 73
"341" 25 5e+05 60000 0 8
"342" 25 5e+05 60000 0 7
"343" 25 5e+05 60000 0 3
"344" 25 5e+05 60000 0 3
"345" 25 5e+05 60000 1 98
"346" 25 5e+05 60000 0 55
"347" 25 5e+05 60000 0 10
"348" 25 5e+05 60000 0 39
"349" 25 5e+05 60000 0 3
"350" 25 5e+05 60000 0 3
"351" 25 5e+05 70000 0 13
"352" 25 5e+05 70000 0 52
"353" 25 5e+05 70000 0 4
"354" 25 5e+05 70000 0 8
"355" 25 5e+05 70000 0 3
"356" 25 5e+05 70000 0 7
"357" 25 5e+05 70000 0 16
"358" 25 5e+05 70000 0 3
"359" 25 5e+05 70000 0 10
"360" 25 5e+05 70000 1 53
"361" 25 5e+05 70000 0 5
"362" 25 5e+05 70000 0 123
"363" 25 5e+05 70000 0 74
"364" 25 5e+05 70000 0 7
"365" 25 5e+05 70000 0 3
"366" 25 5e+05 70000 0 4
"367" 25 5e+05 70000 0 61
"368" 25 5e+05 70000 0 7
"369" 25 5e+05 70000 0 12
"370" 25 5e+05 70000 0 13
"371" 25 5e+05 70000 0 3
"372" 25 5e+05 70000 0 7
"373" 25 5e+05 70000 0 10
"374" 25 5e+05 70000 0 7
"375" 25 5e+05 70000 0 23
"376" 25 5e+05 70000 0 4
"377" 25 5e+05 70000 0 12
"378" 25 5e+05 70000 0 40
"379" 25 5e+05 70000 0 4
"380" 25 5e+05 70000 0 3
"381" 25 5e+05 70000 1 26
"382" 25 5e+05 70000 0 9
"383" 25 5e+05 70000 0 21
"384" 25 5e+05 70000 0 12
"385" 25 5e+05 70000 0 10
"386" 25 5e+05 70000 0 7
"387" 25 5e+05 70000 0 4
"388" 25 5e+05 70000 0 34
"389" 25 5e+05 70000 0 3
"390" 25 5e+05 70000 0 4
"391" 25 5e+05 70000 0 37
"392" 25 5e+05 70000 1 60
"393" 25 5e+05 70000 0 4
"394" 25 5e+05 70000 1 28
"395" 25 5e+05 70000 0 15
"396" 25 5e+05 70000 0 12
"397" 25 5e+05 70000 0 3
"398" 25 5e+05 70000 0 24
"399" 25 5e+05 70000 0 4
"400" 25 5e+05 70000 0 4
"401" 25 5e+05 80000 0 14
"402" 25 5e+05 80000 0 32
"403" 25 5e+05 80000 0 12
"404" 25 5e+05 80000 0 20
"405" 25 5e+05 80000 0 21
"406" 25 5e+05 80000 0 11
"407" 25 5e+05 80000 0 8
"408" 25 5e+05 80000 0 20
"409" 25 5e+05 80000 0 10
"410" 25 5e+05 80000 1 24
"411" 25 5e+05 80000 0 9
"412" 25 5e+05 80000 0 29
"413" 25 5e+05 80000 0 3
"414" 25 5e+05 80000 0 29
"415" 25 5e+05 80000 0 3
"416" 25 5e+05 80000 0 44
"417" 25 5e+05 80000 1 237
"418" 25 5e+05 80000 1 18
"419" 25 5e+05 80000 0 9
"420" 25 5e+05 80000 0 3
"421" 25 5e+05 80000 0 12
"422" 25 5e+05 80000 0 26
"423" 25 5e+05 80000 0 75
"424" 25 5e+05 80000 0 34
"425" 25 5e+05 80000 1 39
"426" 25 5e+05 80000 1 35
"427" 25 5e+05 80000 1 50
"428" 25 5e+05 80000 0 15
"429" 25 5e+05 80000 1 30
"430" 25 5e+05 80000 0 43
"431" 25 5e+05 80000 0 13
"432" 25 5e+05 80000 0 4
"433" 25 5e+05 80000 0 8
"434" 25 5e+05 80000 0 23
"435" 25 5e+05 80000 0 16
"436" 25 5e+05 80000 0 28
"437" 25 5e+05 80000 0 20
"438" 25 5e+05 80000 0 3
"439" 25 5e+05 80000 0 23
"440" 25 5e+05 80000 0 15
"441" 25 5e+05 80000 0 2
"442" 25 5e+05 80000 0 30
"443" 25 5e+05 80000 0 10
"444" 25 5e+05 80000 0 12
"445" 25 5e+05 80000 0 4
"446" 25 5e+05 80000 0 2
"447" 25 5e+05 80000 0 10
"448" 25 5e+05 80000 0 6
"449" 25 5e+05 80000 0 100
"450" 25 5e+05 80000 1 34
"451" 25 5e+05 90000 0 16
"452" 25 5e+05 90000 0 19
"453" 25 5e+05 90000 1 27
"454" 25 5e+05 90000 0 5
"455" 25 5e+05 90000 0 5
"456" 25 5e+05 90000 0 56
"457" 25 5e+05 90000 1 92
"458" 25 5e+05 90000 1 49
"459" 25 5e+05 90000 0 53
"460" 25 5e+05 90000 0 46
"461" 25 5e+05 90000 0 4
"462" 25 5e+05 90000 0 3
"463" 25 5e+05 90000 0 24
"464" 25 5e+05 90000 0 20
"465" 25 5e+05 90000 1 77
"466" 25 5e+05 90000 0 11
"467" 25 5e+05 90000 0 12
"468" 25 5e+05 90000 0 8
"469" 25 5e+05 90000 0 33
"470" 25 5e+05 90000 0 5
"471" 25 5e+05 90000 0 41
"472" 25 5e+05 90000 0 9
"473" 25 5e+05 90000 0 17
"474" 25 5e+05 90000 0 38
"475" 25 5e+05 90000 0 4
"476" 25 5e+05 90000 0 16
"477" 25 5e+05 90000 0 10
"478" 25 5e+05 90000 0 8
"479" 25 5e+05 90000 0 54
"480" 25 5e+05 90000 1 56
"481" 25 5e+05 90000 0 3
"482" 25 5e+05 90000 0 25
"483" 25 5e+05 90000 0 8
"484" 25 5e+05 90000 0 6
"485" 25 5e+05 90000 0 11
"486" 25 5e+05 90000 0 7
"487" 25 5e+05 90000 1 38
"488" 25 5e+05 90000 0 8
"489" 25 5e+05 90000 1 35
"490" 25 5e+05 90000 0 28
"491" 25 5e+05 90000 0 38
"492" 25 5e+05 90000 0 5
"493" 25 5e+05 90000 0 17
"494" 25 5e+05 90000 0 4
"495" 25 5e+05 90000 0 6
"496" 25 5e+05 90000 0 45
"497" 25 5e+05 90000 0 6
"498" 25 5e+05 90000 0 16
"499" 25 5e+05 90000 0 8
"500" 25 5e+05 90000 1 11
"501" 25 5e+05 1e+05 0 35
"502" 25 5e+05 1e+05 0 5
"503" 25 5e+05 1e+05 0 29
"504" 25 5e+05 1e+05 0 31
"505" 25 5e+05 1e+05 0 5
"506" 25 5e+05 1e+05 0 52
"507" 25 5e+05 1e+05 0 21
"508" 25 5e+05 1e+05 0 6
"509" 25 5e+05 1e+05 0 20
"510" 25 5e+05 1e+05 0 9
"511" 25 5e+05 1e+05 0 38
"512" 25 5e+05 1e+05 0 7
"513" 25 5e+05 1e+05 1 98
"514" 25 5e+05 1e+05 0 21
"515" 25 5e+05 1e+05 0 23
"516" 25 5e+05 1e+05 1 23
"517" 25 5e+05 1e+05 1 32
"518" 25 5e+05 1e+05 1 36
"519" 25 5e+05 1e+05 1 69
"520" 25 5e+05 1e+05 0 4
"521" 25 5e+05 1e+05 0 50
"522" 25 5e+05 1e+05 0 3
"523" 25 5e+05 1e+05 0 10
"524" 25 5e+05 1e+05 0 2
"525" 25 5e+05 1e+05 0 6
"526" 25 5e+05 1e+05 0 7
"527" 25 5e+05 1e+05 0 18
"528" 25 5e+05 1e+05 0 64
"529" 25 5e+05 1e+05 0 10
"530" 25 5e+05 1e+05 0 13
"531" 25 5e+05 1e+05 0 34
"532" 25 5e+05 1e+05 0 4
"533" 25 5e+05 1e+05 0 9
"534" 25 5e+05 1e+05 0 19
"535" 25 5e+05 1e+05 0 9
"536" 25 5e+05 1e+05 0 27
"537" 25 5e+05 1e+05 0 21
"538" 25 5e+05 1e+05 0 5
"539" 25 5e+05 1e+05 0 57
"540" 25 5e+05 1e+05 0 3
"541" 25 5e+05 1e+05 1 98
"542" 25 5e+05 1e+05 0 15
"543" 25 5e+05 1e+05 0 58
"544" 25 5e+05 1e+05 0 11
"545" 25 5e+05 1e+05 0 16
"546" 25 5e+05 1e+05 0 13
"547" 25 5e+05 1e+05 1 55
"548" 25 5e+05 1e+05 1 62
"549" 25 5e+05 1e+05 0 6
"550" 25 5e+05 1e+05 1 19
"551" 25 5e+05 110000 0 18
"552" 25 5e+05 110000 1 103
"553" 25 5e+05 110000 0 36
"554" 25 5e+05 110000 0 15
"555" 25 5e+05 110000 0 4
"556" 25 5e+05 110000 0 18
"557" 25 5e+05 110000 0 9
"558" 25 5e+05 110000 0 17
"559" 25 5e+05 110000 0 6
"560" 25 5e+05 110000 0 16
"561" 25 5e+05 110000 0 20
"562" 25 5e+05 110000 1 25
"563" 25 5e+05 110000 0 9
"564" 25 5e+05 110000 0 19
"565" 25 5e+05 110000 1 49
"566" 25 5e+05 110000 0 16
"567" 25 5e+05 110000 1 46
"568" 25 5e+05 110000 0 22
"569" 25 5e+05 110000 1 70
"570" 25 5e+05 110000 0 7
"571" 25 5e+05 110000 1 27
"572" 25 5e+05 110000 0 23
"573" 25 5e+05 110000 0 19
"574" 25 5e+05 110000 0 27
"575" 25 5e+05 110000 0 10
"576" 25 5e+05 110000 0 14
"577" 25 5e+05 110000 0 49
"578" 25 5e+05 110000 1 26
"579" 25 5e+05 110000 0 16
"580" 25 5e+05 110000 0 31
"581" 25 5e+05 110000 0 14
"582" 25 5e+05 110000 0 26
"583" 25 5e+05 110000 0 13
"584" 25 5e+05 110000 0 40
"585" 25 5e+05 110000 1 22
"586" 25 5e+05 110000 0 23
"587" 25 5e+05 110000 0 7
"588" 25 5e+05 110000 0 61
"589" 25 5e+05 110000 1 40
"590" 25 5e+05 110000 0 15
"591" 25 5e+05 110000 1 26
"592" 25 5e+05 110000 0 27
"593" 25 5e+05 110000 0 53
"594" 25 5e+05 110000 1 41
"595" 25 5e+05 110000 0 65
"596" 25 5e+05 110000 1 76
"597" 25 5e+05 110000 1 19
"598" 25 5e+05 110000 0 8
"599" 25 5e+05 110000 0 11
"600" 25 5e+05 110000 1 31
"601" 25 5e+05 120000 0 33
"602" 25 5e+05 120000 0 6
"603" 25 5e+05 120000 0 23
"604" 25 5e+05 120000 1 60
"605" 25 5e+05 120000 0 47
"606" 25 5e+05 120000 1 30
"607" 25 5e+05 120000 0 22
"608" 25 5e+05 120000 0 24
"609" 25 5e+05 120000 0 5
"610" 25 5e+05 120000 1 57
"611" 25 5e+05 120000 0 10
"612" 25 5e+05 120000 0 55
"613" 25 5e+05 120000 0 13
"614" 25 5e+05 120000 0 6
"615" 25 5e+05 120000 0 14
"616" 25 5e+05 120000 0 6
"617" 25 5e+05 120000 0 9
"618" 25 5e+05 120000 0 20
"619" 25 5e+05 120000 0 23
"620" 25 5e+05 120000 1 82
"621" 25 5e+05 120000 0 16
"622" 25 5e+05 120000 0 7
"623" 25 5e+05 120000 0 17
"624" 25 5e+05 120000 1 17
"625" 25 5e+05 120000 0 6
"626" 25 5e+05 120000 1 21
"627" 25 5e+05 120000 0 9
"628" 25 5e+05 120000 0 2
"629" 25 5e+05 120000 0 7
"630" 25 5e+05 120000 0 23
"631" 25 5e+05 120000 0 43
"632" 25 5e+05 120000 0 10
"633" 25 5e+05 120000 0 4
"634" 25 5e+05 120000 0 24
"635" 25 5e+05 120000 0 10
"636" 25 5e+05 120000 1 101
"637" 25 5e+05 120000 0 12
"638" 25 5e+05 120000 0 4
"639" 25 5e+05 120000 0 27
"640" 25 5e+05 120000 1 112
"641" 25 5e+05 120000 0 9
"642" 25 5e+05 120000 0 41
"643" 25 5e+05 120000 0 5
"644" 25 5e+05 120000 0 7
"645" 25 5e+05 120000 0 9
"646" 25 5e+05 120000 0 8
"647" 25 5e+05 120000 0 23
"648" 25 5e+05 120000 0 10
"649" 25 5e+05 120000 0 5
"650" 25 5e+05 120000 1 59
"651" 25 5e+05 130000 0 5
"652" 25 5e+05 130000 1 68
"653" 25 5e+05 130000 1 50
"654" 25 5e+05 130000 0 5
"655" 25 5e+05 130000 1 19
"656" 25 5e+05 130000 0 40
"657" 25 5e+05 130000 0 13
"658" 25 5e+05 130000 0 34
"659" 25 5e+05 130000 0 5
"660" 25 5e+05 130000 0 72
"661" 25 5e+05 130000 0 41
"662" 25 5e+05 130000 0 31
"663" 25 5e+05 130000 0 12
"664" 25 5e+05 130000 0 29
"665" 25 5e+05 130000 1 51
"666" 25 5e+05 130000 0 18
"667" 25 5e+05 130000 0 7
"668" 25 5e+05 130000 0 48
"669" 25 5e+05 130000 0 13
"670" 25 5e+05 130000 1 21
"671" 25 5e+05 130000 0 15
"672" 25 5e+05 130000 0 4
"673" 25 5e+05 130000 0 37
"674" 25 5e+05 130000 1 27
"675" 25 5e+05 130000 0 20
"676" 25 5e+05 130000 0 14
"677" 25 5e+05 130000 0 4
"678" 25 5e+05 130000 0 10
"679" 25 5e+05 130000 0 9
"680" 25 5e+05 130000 0 21
"681" 25 5e+05 130000 0 12
"682" 25 5e+05 130000 0 42
"683" 25 5e+05 130000 0 11
"684" 25 5e+05 130000 0 12
"685" 25 5e+05 130000 0 78
"686" 25 5e+05 130000 0 10
"687" 25 5e+05 130000 1 33
"688" 25 5e+05 130000 0 64
"689" 25 5e+05 130000 0 6
"690" 25 5e+05 130000 0 19
"691" 25 5e+05 130000 1 21
"692" 25 5e+05 130000 0 15
"693" 25 5e+05 130000 0 68
"694" 25 5e+05 130000 0 13
"695" 25 5e+05 130000 0 34
"696" 25 5e+05 130000 0 8
"697" 25 5e+05 130000 0 11
"698" 25 5e+05 130000 0 11
"699" 25 5e+05 130000 0 67
"700" 25 5e+05 130000 0 29
"701" 25 5e+05 140000 0 6
"702" 25 5e+05 140000 0 39
"703" 25 5e+05 140000 1 92
"704" 25 5e+05 140000 0 43
"705" 25 5e+05 140000 0 16
"706" 25 5e+05 140000 0 21
"707" 25 5e+05 140000 0 28
"708" 25 5e+05 140000 1 37
"709" 25 5e+05 140000 0 11
"710" 25 5e+05 140000 0 66
"711" 25 5e+05 140000 0 8
"712" 25 5e+05 140000 1 58
"713" 25 5e+05 140000 0 15
"714" 25 5e+05 140000 0 20
"715" 25 5e+05 140000 1 26
"716" 25 5e+05 140000 0 30
"717" 25 5e+05 140000 0 49
"718" 25 5e+05 140000 0 17
"719" 25 5e+05 140000 1 46
"720" 25 5e+05 140000 0 39
"721" 25 5e+05 140000 0 87
"722" 25 5e+05 140000 0 32
"723" 25 5e+05 140000 1 36
"724" 25 5e+05 140000 1 76
"725" 25 5e+05 140000 0 13
"726" 25 5e+05 140000 0 18
"727" 25 5e+05 140000 0 67
"728" 25 5e+05 140000 0 27
"729" 25 5e+05 140000 1 23
"730" 25 5e+05 140000 0 9
"731" 25 5e+05 140000 0 3
"732" 25 5e+05 140000 0 27
"733" 25 5e+05 140000 0 54
"734" 25 5e+05 140000 0 10
"735" 25 5e+05 140000 0 18
"736" 25 5e+05 140000 0 32
"737" 25 5e+05 140000 0 32
"738" 25 5e+05 140000 1 59
"739" 25 5e+05 140000 0 7
"740" 25 5e+05 140000 0 12
"741" 25 5e+05 140000 0 46
"742" 25 5e+05 140000 0 10
"743" 25 5e+05 140000 1 48
"744" 25 5e+05 140000 1 63
"745" 25 5e+05 140000 0 25
"746" 25 5e+05 140000 0 21
"747" 25 5e+05 140000 0 36
"748" 25 5e+05 140000 0 24
"749" 25 5e+05 140000 0 17
"750" 25 5e+05 140000 1 21
"751" 25 5e+05 150000 1 70
"752" 25 5e+05 150000 1 47
"753" 25 5e+05 150000 0 54
"754" 25 5e+05 150000 0 4
"755" 25 5e+05 150000 0 18
"756" 25 5e+05 150000 0 12
"757" 25 5e+05 150000 0 5
"758" 25 5e+05 150000 0 32
"759" 25 5e+05 150000 0 12
"760" 25 5e+05 150000 0 178
"761" 25 5e+05 150000 1 27
"762" 25 5e+05 150000 0 40
"763" 25 5e+05 150000 0 12
"764" 25 5e+05 150000 0 10
"765" 25 5e+05 150000 0 35
"766" 25 5e+05 150000 0 49
"767" 25 5e+05 150000 1 18
"768" 25 5e+05 150000 1 33
"769" 25 5e+05 150000 0 26
"770" 25 5e+05 150000 0 98
"771" 25 5e+05 150000 0 7
"772" 25 5e+05 150000 1 34
"773" 25 5e+05 150000 0 22
"774" 25 5e+05 150000 0 7
"775" 25 5e+05 150000 1 13
"776" 25 5e+05 150000 0 21
"777" 25 5e+05 150000 1 18
"778" 25 5e+05 150000 0 6
"779" 25 5e+05 150000 0 19
"780" 25 5e+05 150000 0 46
"781" 25 5e+05 150000 0 9
"782" 25 5e+05 150000 1 33
"783" 25 5e+05 150000 0 7
"784" 25 5e+05 150000 1 25
"785" 25 5e+05 150000 0 99
"786" 25 5e+05 150000 0 23
"787" 25 5e+05 150000 0 6
"788" 25 5e+05 150000 0 15
"789" 25 5e+05 150000 0 43
"790" 25 5e+05 150000 0 59
"791" 25 5e+05 150000 0 15
"792" 25 5e+05 150000 0 34
"793" 25 5e+05 150000 1 78
"794" 25 5e+05 150000 1 17
"795" 25 5e+05 150000 0 63
"796" 25 5e+05 150000 1 25
"797" 25 5e+05 150000 1 33
"798" 25 5e+05 150000 1 59
"799" 25 5e+05 150000 1 18
"800" 25 5e+05 150000 0 15
"801" 25 5e+05 160000 1 39
"802" 25 5e+05 160000 0 25
"803" 25 5e+05 160000 0 11
"804" 25 5e+05 160000 1 28
"805" 25 5e+05 160000 0 16
"806" 25 5e+05 160000 0 12
"807" 25 5e+05 160000 0 33
"808" 25 5e+05 160000 0 84
"809" 25 5e+05 160000 0 5
"810" 25 5e+05 160000 1 11
"811" 25 5e+05 160000 0 24
"812" 25 5e+05 160000 1 48
"813" 25 5e+05 160000 1 57
"814" 25 5e+05 160000 0 7
"815" 25 5e+05 160000 1 14
"816" 25 5e+05 160000 0 50
"817" 25 5e+05 160000 1 33
"818" 25 5e+05 160000 1 13
"819" 25 5e+05 160000 1 74
"820" 25 5e+05 160000 1 38
"821" 25 5e+05 160000 1 10
"822" 25 5e+05 160000 0 59
"823" 25 5e+05 160000 1 46
"824" 25 5e+05 160000 0 36
"825" 25 5e+05 160000 1 44
"826" 25 5e+05 160000 1 47
"827" 25 5e+05 160000 0 10
"828" 25 5e+05 160000 0 22
"829" 25 5e+05 160000 0 61
"830" 25 5e+05 160000 0 12
"831" 25 5e+05 160000 0 6
"832" 25 5e+05 160000 0 13
"833" 25 5e+05 160000 1 58
"834" 25 5e+05 160000 0 3
"835" 25 5e+05 160000 0 22
"836" 25 5e+05 160000 0 30
"837" 25 5e+05 160000 0 38
"838" 25 5e+05 160000 1 40
"839" 25 5e+05 160000 0 6
"840" 25 5e+05 160000 0 6
"841" 25 5e+05 160000 1 18
"842" 25 5e+05 160000 1 63
"843" 25 5e+05 160000 1 21
"844" 25 5e+05 160000 1 35
"845" 25 5e+05 160000 0 5
"846" 25 5e+05 160000 0 21
"847" 25 5e+05 160000 1 27
"848" 25 5e+05 160000 0 25
"849" 25 5e+05 160000 0 89
"850" 25 5e+05 160000 0 18
"851" 25 5e+05 170000 0 11
"852" 25 5e+05 170000 1 36
"853" 25 5e+05 170000 0 10
"854" 25 5e+05 170000 0 8
"855" 25 5e+05 170000 0 8
"856" 25 5e+05 170000 1 30
"857" 25 5e+05 170000 0 34
"858" 25 5e+05 170000 0 19
"859" 25 5e+05 170000 1 41
"860" 25 5e+05 170000 0 12
"861" 25 5e+05 170000 0 42
"862" 25 5e+05 170000 0 15
"863" 25 5e+05 170000 1 49
"864" 25 5e+05 170000 1 7
"865" 25 5e+05 170000 0 12
"866" 25 5e+05 170000 0 43
"867" 25 5e+05 170000 0 12
"868" 25 5e+05 170000 0 42
"869" 25 5e+05 170000 0 23
"870" 25 5e+05 170000 1 28
"871" 25 5e+05 170000 1 28
"872" 25 5e+05 170000 0 18
"873" 25 5e+05 170000 0 8
"874" 25 5e+05 170000 1 33
"875" 25 5e+05 170000 0 18
"876" 25 5e+05 170000 0 6
"877" 25 5e+05 170000 1 17
"878" 25 5e+05 170000 1 44
"879" 25 5e+05 170000 1 31
"880" 25 5e+05 170000 0 40
"881" 25 5e+05 170000 0 11
"882" 25 5e+05 170000 0 11
"883" 25 5e+05 170000 1 37
"884" 25 5e+05 170000 1 83
"885" 25 5e+05 170000 1 20
"886" 25 5e+05 170000 0 35
"887" 25 5e+05 170000 1 87
"888" 25 5e+05 170000 0 52
"889" 25 5e+05 170000 0 6
"890" 25 5e+05 170000 1 29
"891" 25 5e+05 170000 0 95
"892" 25 5e+05 170000 1 29
"893" 25 5e+05 170000 0 37
"894" 25 5e+05 170000 0 13
"895" 25 5e+05 170000 0 19
"896" 25 5e+05 170000 0 25
"897" 25 5e+05 170000 1 22
"898" 25 5e+05 170000 0 14
"899" 25 5e+05 170000 1 38
"900" 25 5e+05 170000 0 33
"901" 25 5e+05 180000 0 30
"902" 25 5e+05 180000 1 18
"903" 25 5e+05 180000 0 56
"904" 25 5e+05 180000 0 32
"905" 25 5e+05 180000 1 14
"906" 25 5e+05 180000 0 23
"907" 25 5e+05 180000 1 16
"908" 25 5e+05 180000 1 17
"909" 25 5e+05 180000 0 33
"910" 25 5e+05 180000 0 95
"911" 25 5e+05 180000 1 9
"912" 25 5e+05 180000 1 8
"913" 25 5e+05 180000 1 46
"914" 25 5e+05 180000 1 30
"915" 25 5e+05 180000 1 27
"916" 25 5e+05 180000 0 14
"917" 25 5e+05 180000 0 15
"918" 25 5e+05 180000 0 30
"919" 25 5e+05 180000 1 36
"920" 25 5e+05 180000 1 138
"921" 25 5e+05 180000 0 49
"922" 25 5e+05 180000 0 11
"923" 25 5e+05 180000 0 47
"924" 25 5e+05 180000 0 11
"925" 25 5e+05 180000 0 42
"926" 25 5e+05 180000 0 15
"927" 25 5e+05 180000 0 18
"928" 25 5e+05 180000 0 49
"929" 25 5e+05 180000 0 17
"930" 25 5e+05 180000 0 10
"931" 25 5e+05 180000 1 28
"932" 25 5e+05 180000 0 12
"933" 25 5e+05 180000 1 34
"934" 25 5e+05 180000 0 4
"935" 25 5e+05 180000 1 38
"936" 25 5e+05 180000 1 40
"937" 25 5e+05 180000 0 8
"938" 25 5e+05 180000 0 6
"939" 25 5e+05 180000 1 13
"940" 25 5e+05 180000 1 30
"941" 25 5e+05 180000 0 6
"942" 25 5e+05 180000 0 41
"943" 25 5e+05 180000 0 24
"944" 25 5e+05 180000 0 6
"945" 25 5e+05 180000 0 24
"946" 25 5e+05 180000 1 24
"947" 25 5e+05 180000 0 33
"948" 25 5e+05 180000 1 29
"949" 25 5e+05 180000 1 10
"950" 25 5e+05 180000 0 36
"951" 25 5e+05 190000 1 18
"952" 25 5e+05 190000 0 41
"953" 25 5e+05 190000 1 96
"954" 25 5e+05 190000 0 29
"955" 25 5e+05 190000 0 43
"956" 25 5e+05 190000 0 49
"957" 25 5e+05 190000 1 141
"958" 25 5e+05 190000 1 22
"959" 25 5e+05 190000 0 8
"960" 25 5e+05 190000 1 43
"961" 25 5e+05 190000 0 55
"962" 25 5e+05 190000 1 48
"963" 25 5e+05 190000 0 103
"964" 25 5e+05 190000 0 58
"965" 25 5e+05 190000 1 42
"966" 25 5e+05 190000 0 6
"967" 25 5e+05 190000 0 73
"968" 25 5e+05 190000 0 28
"969" 25 5e+05 190000 0 51
"970" 25 5e+05 190000 1 125
"971" 25 5e+05 190000 0 42
"972" 25 5e+05 190000 1 20
"973" 25 5e+05 190000 1 22
"974" 25 5e+05 190000 0 48
"975" 25 5e+05 190000 0 54
"976" 25 5e+05 190000 1 31
"977" 25 5e+05 190000 0 22
"978" 25 5e+05 190000 0 11
"979" 25 5e+05 190000 0 10
"980" 25 5e+05 190000 0 27
"981" 25 5e+05 190000 1 56
"982" 25 5e+05 190000 0 8
"983" 25 5e+05 190000 0 100
"984" 25 5e+05 190000 1 12
"985" 25 5e+05 190000 1 35
"986" 25 5e+05 190000 0 17
"987" 25 5e+05 190000 1 23
"988" 25 5e+05 190000 0 18
"989" 25 5e+05 190000 0 11
"990" 25 5e+05 190000 0 12
"991" 25 5e+05 190000 1 16
"992" 25 5e+05 190000 1 34
"993" 25 5e+05 190000 0 58
"994" 25 5e+05 190000 1 48
"995" 25 5e+05 190000 0 25
"996" 25 5e+05 190000 0 32
"997" 25 5e+05 190000 0 28
"998" 25 5e+05 190000 0 11
"999" 25 5e+05 190000 0 12
"1000" 25 5e+05 190000 0 44
"1001" 25 5e+05 2e+05 1 49
"1002" 25 5e+05 2e+05 1 15
"1003" 25 5e+05 2e+05 0 25
"1004" 25 5e+05 2e+05 0 36
"1005" 25 5e+05 2e+05 0 22
"1006" 25 5e+05 2e+05 0 16
"1007" 25 5e+05 2e+05 0 9
"1008" 25 5e+05 2e+05 0 39
"1009" 25 5e+05 2e+05 0 44
"1010" 25 5e+05 2e+05 1 8
"1011" 25 5e+05 2e+05 0 22
"1012" 25 5e+05 2e+05 0 28
"1013" 25 5e+05 2e+05 1 32
"1014" 25 5e+05 2e+05 1 39
"1015" 25 5e+05 2e+05 0 16
"1016" 25 5e+05 2e+05 1 57
"1017" 25 5e+05 2e+05 0 19
"1018" 25 5e+05 2e+05 1 14
"1019" 25 5e+05 2e+05 1 31
"1020" 25 5e+05 2e+05 1 29
"1021" 25 5e+05 2e+05 0 14
"1022" 25 5e+05 2e+05 0 18
"1023" 25 5e+05 2e+05 1 85
"1024" 25 5e+05 2e+05 1 42
"1025" 25 5e+05 2e+05 1 58
"1026" 25 5e+05 2e+05 1 22
"1027" 25 5e+05 2e+05 0 7
"1028" 25 5e+05 2e+05 0 88
"1029" 25 5e+05 2e+05 0 70
"1030" 25 5e+05 2e+05 0 50
"1031" 25 5e+05 2e+05 0 28
"1032" 25 5e+05 2e+05 0 120
"1033" 25 5e+05 2e+05 0 27
"1034" 25 5e+05 2e+05 0 28
"1035" 25 5e+05 2e+05 1 44
"1036" 25 5e+05 2e+05 0 19
"1037" 25 5e+05 2e+05 1 49
"1038" 25 5e+05 2e+05 0 8
"1039" 25 5e+05 2e+05 1 27
"1040" 25 5e+05 2e+05 0 42
"1041" 25 5e+05 2e+05 0 20
"1042" 25 5e+05 2e+05 0 43
"1043" 25 5e+05 2e+05 0 11
"1044" 25 5e+05 2e+05 0 65
"1045" 25 5e+05 2e+05 1 37
"1046" 25 5e+05 2e+05 0 14
"1047" 25 5e+05 2e+05 0 34
"1048" 25 5e+05 2e+05 0 28
"1049" 25 5e+05 2e+05 1 28
"1050" 25 5e+05 2e+05 0 19
"1051" 25 5e+05 210000 0 20
"1052" 25 5e+05 210000 0 14
"1053" 25 5e+05 210000 0 23
"1054" 25 5e+05 210000 0 57
"1055" 25 5e+05 210000 1 39
"1056" 25 5e+05 210000 0 43
"1057" 25 5e+05 210000 0 84
"1058" 25 5e+05 210000 0 13
"1059" 25 5e+05 210000 1 51
"1060" 25 5e+05 210000 0 8
"1061" 25 5e+05 210000 1 53
"1062" 25 5e+05 210000 1 32
"1063" 25 5e+05 210000 0 86
"1064" 25 5e+05 210000 1 49
"1065" 25 5e+05 210000 0 74
"1066" 25 5e+05 210000 0 56
"1067" 25 5e+05 210000 0 47
"1068" 25 5e+05 210000 0 24
"1069" 25 5e+05 210000 0 10
"1070" 25 5e+05 210000 1 11
"1071" 25 5e+05 210000 0 12
"1072" 25 5e+05 210000 0 18
"1073" 25 5e+05 210000 0 64
"1074" 25 5e+05 210000 0 19
"1075" 25 5e+05 210000 1 70
"1076" 25 5e+05 210000 0 31
"1077" 25 5e+05 210000 1 58
"1078" 25 5e+05 210000 1 18
"1079" 25 5e+05 210000 0 11
"1080" 25 5e+05 210000 1 16
"1081" 25 5e+05 210000 1 28
"1082" 25 5e+05 210000 0 12
"1083" 25 5e+05 210000 1 23
"1084" 25 5e+05 210000 1 67
"1085" 25 5e+05 210000 0 21
"1086" 25 5e+05 210000 1 46
"1087" 25 5e+05 210000 0 12
"1088" 25 5e+05 210000 1 35
"1089" 25 5e+05 210000 1 44
"1090" 25 5e+05 210000 0 13
"1091" 25 5e+05 210000 0 26
"1092" 25 5e+05 210000 1 21
"1093" 25 5e+05 210000 1 32
"1094" 25 5e+05 210000 0 49
"1095" 25 5e+05 210000 0 34
"1096" 25 5e+05 210000 0 39
"1097" 25 5e+05 210000 0 19
"1098" 25 5e+05 210000 1 23
"1099" 25 5e+05 210000 0 56
"1100" 25 5e+05 210000 1 38
"1101" 25 5e+05 220000 1 17
"1102" 25 5e+05 220000 0 31
"1103" 25 5e+05 220000 0 57
"1104" 25 5e+05 220000 0 14
"1105" 25 5e+05 220000 0 30
"1106" 25 5e+05 220000 1 24
"1107" 25 5e+05 220000 1 25
"1108" 25 5e+05 220000 1 9
"1109" 25 5e+05 220000 0 30
"1110" 25 5e+05 220000 0 10
"1111" 25 5e+05 220000 0 8
"1112" 25 5e+05 220000 1 10
"1113" 25 5e+05 220000 1 43
"1114" 25 5e+05 220000 1 25
"1115" 25 5e+05 220000 0 19
"1116" 25 5e+05 220000 1 76
"1117" 25 5e+05 220000 0 9
"1118" 25 5e+05 220000 1 33
"1119" 25 5e+05 220000 1 12
"1120" 25 5e+05 220000 0 23
"1121" 25 5e+05 220000 1 42
"1122" 25 5e+05 220000 1 14
"1123" 25 5e+05 220000 0 31
"1124" 25 5e+05 220000 1 19
"1125" 25 5e+05 220000 1 85
"1126" 25 5e+05 220000 0 33
"1127" 25 5e+05 220000 0 18
"1128" 25 5e+05 220000 0 34
"1129" 25 5e+05 220000 1 64
"1130" 25 5e+05 220000 0 52
"1131" 25 5e+05 220000 0 56
"1132" 25 5e+05 220000 1 27
"1133" 25 5e+05 220000 1 14
"1134" 25 5e+05 220000 0 18
"1135" 25 5e+05 220000 0 51
"1136" 25 5e+05 220000 1 19
"1137" 25 5e+05 220000 0 28
"1138" 25 5e+05 220000 0 75
"1139" 25 5e+05 220000 0 14
"1140" 25 5e+05 220000 1 30
"1141" 25 5e+05 220000 1 23
"1142" 25 5e+05 220000 0 147
"1143" 25 5e+05 220000 1 77
"1144" 25 5e+05 220000 0 80
"1145" 25 5e+05 220000 0 31
"1146" 25 5e+05 220000 0 10
"1147" 25 5e+05 220000 1 31
"1148" 25 5e+05 220000 1 41
"1149" 25 5e+05 220000 1 17
"1150" 25 5e+05 220000 0 12
"1151" 25 5e+05 230000 1 19
"1152" 25 5e+05 230000 0 18
"1153" 25 5e+05 230000 0 56
"1154" 25 5e+05 230000 0 18
"1155" 25 5e+05 230000 1 37
"1156" 25 5e+05 230000 1 52
"1157" 25 5e+05 230000 1 27
"1158" 25 5e+05 230000 0 62
"1159" 25 5e+05 230000 1 70
"1160" 25 5e+05 230000 1 33
"1161" 25 5e+05 230000 0 9
"1162" 25 5e+05 230000 1 49
"1163" 25 5e+05 230000 0 44
"1164" 25 5e+05 230000 0 26
"1165" 25 5e+05 230000 0 45
"1166" 25 5e+05 230000 0 9
"1167" 25 5e+05 230000 0 23
"1168" 25 5e+05 230000 1 58
"1169" 25 5e+05 230000 0 34
"1170" 25 5e+05 230000 0 26
"1171" 25 5e+05 230000 1 27
"1172" 25 5e+05 230000 0 9
"1173" 25 5e+05 230000 0 21
"1174" 25 5e+05 230000 0 38
"1175" 25 5e+05 230000 0 7
"1176" 25 5e+05 230000 0 11
"1177" 25 5e+05 230000 0 18
"1178" 25 5e+05 230000 0 20
"1179" 25 5e+05 230000 0 10
"1180" 25 5e+05 230000 0 33
"1181" 25 5e+05 230000 1 22
"1182" 25 5e+05 230000 1 58
"1183" 25 5e+05 230000 1 81
"1184" 25 5e+05 230000 0 9
"1185" 25 5e+05 230000 1 45
"1186" 25 5e+05 230000 0 15
"1187" 25 5e+05 230000 0 15
"1188" 25 5e+05 230000 0 29
"1189" 25 5e+05 230000 1 21
"1190" 25 5e+05 230000 0 16
"1191" 25 5e+05 230000 1 13
"1192" 25 5e+05 230000 1 9
"1193" 25 5e+05 230000 1 67
"1194" 25 5e+05 230000 1 10
"1195" 25 5e+05 230000 1 25
"1196" 25 5e+05 230000 0 9
"1197" 25 5e+05 230000 1 19
"1198" 25 5e+05 230000 0 30
"1199" 25 5e+05 230000 1 29
"1200" 25 5e+05 230000 0 28
"1201" 25 5e+05 240000 0 49
"1202" 25 5e+05 240000 1 43
"1203" 25 5e+05 240000 1 16
"1204" 25 5e+05 240000 0 13
"1205" 25 5e+05 240000 0 38
"1206" 25 5e+05 240000 1 101
"1207" 25 5e+05 240000 1 12
"1208" 25 5e+05 240000 1 52
"1209" 25 5e+05 240000 0 29
"1210" 25 5e+05 240000 0 58
"1211" 25 5e+05 240000 1 59
"1212" 25 5e+05 240000 0 20
"1213" 25 5e+05 240000 1 38
"1214" 25 5e+05 240000 1 13
"1215" 25 5e+05 240000 1 13
"1216" 25 5e+05 240000 1 21
"1217" 25 5e+05 240000 0 39
"1218" 25 5e+05 240000 0 10
"1219" 25 5e+05 240000 0 22
"1220" 25 5e+05 240000 0 11
"1221" 25 5e+05 240000 1 27
"1222" 25 5e+05 240000 1 12
"1223" 25 5e+05 240000 0 22
"1224" 25 5e+05 240000 1 16
"1225" 25 5e+05 240000 1 14
"1226" 25 5e+05 240000 1 58
"1227" 25 5e+05 240000 1 83
"1228" 25 5e+05 240000 0 106
"1229" 25 5e+05 240000 0 87
"1230" 25 5e+05 240000 0 17
"1231" 25 5e+05 240000 0 11
"1232" 25 5e+05 240000 1 74
"1233" 25 5e+05 240000 1 18
"1234" 25 5e+05 240000 0 24
"1235" 25 5e+05 240000 1 26
"1236" 25 5e+05 240000 0 20
"1237" 25 5e+05 240000 0 18
"1238" 25 5e+05 240000 1 52
"1239" 25 5e+05 240000 0 57
"1240" 25 5e+05 240000 1 76
"1241" 25 5e+05 240000 0 66
"1242" 25 5e+05 240000 1 29
"1243" 25 5e+05 240000 1 81
"1244" 25 5e+05 240000 1 22
"1245" 25 5e+05 240000 1 26
"1246" 25 5e+05 240000 1 41
"1247" 25 5e+05 240000 1 63
"1248" 25 5e+05 240000 0 27
"1249" 25 5e+05 240000 0 16
"1250" 25 5e+05 240000 1 27
"1251" 25 5e+05 250000 1 12
"1252" 25 5e+05 250000 1 31
"1253" 25 5e+05 250000 0 19
"1254" 25 5e+05 250000 1 30
"1255" 25 5e+05 250000 0 17
"1256" 25 5e+05 250000 1 16
"1257" 25 5e+05 250000 1 18
"1258" 25 5e+05 250000 0 17
"1259" 25 5e+05 250000 1 23
"1260" 25 5e+05 250000 0 54
"1261" 25 5e+05 250000 0 33
"1262" 25 5e+05 250000 1 16
"1263" 25 5e+05 250000 0 13
"1264" 25 5e+05 250000 1 15
"1265" 25 5e+05 250000 0 29
"1266" 25 5e+05 250000 1 13
"1267" 25 5e+05 250000 1 75
"1268" 25 5e+05 250000 1 28
"1269" 25 5e+05 250000 0 20
"1270" 25 5e+05 250000 0 47
"1271" 25 5e+05 250000 0 8
"1272" 25 5e+05 250000 1 23
"1273" 25 5e+05 250000 1 8
"1274" 25 5e+05 250000 0 97
"1275" 25 5e+05 250000 1 33
"1276" 25 5e+05 250000 0 25
"1277" 25 5e+05 250000 0 8
"1278" 25 5e+05 250000 0 92
"1279" 25 5e+05 250000 0 22
"1280" 25 5e+05 250000 1 10
"1281" 25 5e+05 250000 1 60
"1282" 25 5e+05 250000 0 31
"1283" 25 5e+05 250000 0 14
"1284" 25 5e+05 250000 0 31
"1285" 25 5e+05 250000 1 120
"1286" 25 5e+05 250000 0 17
"1287" 25 5e+05 250000 0 9
"1288" 25 5e+05 250000 0 55
"1289" 25 5e+05 250000 1 18
"1290" 25 5e+05 250000 0 19
"1291" 25 5e+05 250000 1 58
"1292" 25 5e+05 250000 0 7
"1293" 25 5e+05 250000 0 14
"1294" 25 5e+05 250000 0 21
"1295" 25 5e+05 250000 1 68
"1296" 25 5e+05 250000 0 45
"1297" 25 5e+05 250000 1 12
"1298" 25 5e+05 250000 1 28
"1299" 25 5e+05 250000 1 22
"1300" 25 5e+05 250000 0 27
